5.01761 0.0176096
5.07812 0.0176096
5.13864 0.0176096
5.01761 0.078125
5.07812 0.078125
5.13864 0.078125
5.01761 0.13864
5.07812 0.13864
5.13864 0.13864
5.17386 0.0176096
5.23438 0.0176096
5.29489 0.0176096
5.17386 0.078125
5.23438 0.078125
5.29489 0.078125
5.17386 0.13864
5.23438 0.13864
5.29489 0.13864
5.01761 0.17386
5.07813 0.17386
5.13864 0.17386
5.01761 0.234375
5.07812 0.234375
5.13864 0.234375
5.01761 0.29489
5.07812 0.29489
5.13864 0.29489
5.33011 0.0176096
5.39063 0.0176096
5.45114 0.0176096
5.33011 0.078125
5.39062 0.078125
5.45114 0.078125
5.33011 0.13864
5.39062 0.13864
5.45114 0.13864
5.48636 0.0176096
5.54688 0.0176096
5.60739 0.0176096
5.48636 0.078125
5.54688 0.078125
5.60739 0.078125
5.48636 0.13864
5.54688 0.13864
5.60739 0.13864
5.48636 0.17386
5.54688 0.17386
5.60739 0.17386
5.48636 0.234375
5.54688 0.234375
5.60739 0.234375
5.48636 0.29489
5.54688 0.29489
5.60739 0.29489
5.48636 0.33011
5.54688 0.33011
5.60739 0.33011
5.48636 0.390625
5.54688 0.390625
5.60739 0.390625
5.48636 0.45114
5.54688 0.45114
5.60739 0.45114
5.48636 0.48636
5.54688 0.48636
5.60739 0.48636
5.48636 0.546875
5.54688 0.546875
5.60739 0.546875
5.48636 0.60739
5.54688 0.60739
5.60739 0.60739
5.33011 0.48636
5.39062 0.48636
5.45114 0.48636
5.33011 0.546875
5.39062 0.546875
5.45114 0.546875
5.33011 0.60739
5.39062 0.60739
5.45114 0.60739
5.01761 0.33011
5.07813 0.33011
5.13864 0.33011
5.01761 0.390625
5.07812 0.390625
5.13864 0.390625
5.01761 0.45114
5.07812 0.45114
5.13864 0.45114
5.17386 0.48636
5.23438 0.48636
5.29489 0.48636
5.17386 0.546875
5.23438 0.546875
5.29489 0.546875
5.17386 0.60739
5.23438 0.60739
5.29489 0.60739
5.01761 0.48636
5.07813 0.48636
5.13864 0.48636
5.01761 0.546875
5.07812 0.546875
5.13864 0.546875
5.01761 0.60739
5.07812 0.60739
5.13864 0.60739
5.16505 0.165055
5.19531 0.165055
5.22557 0.165055
5.16505 0.195312
5.19531 0.195312
5.22557 0.195312
5.16505 0.22557
5.19531 0.22557
5.22557 0.22557
5.24318 0.165055
5.27344 0.165055
5.3037 0.165055
5.24318 0.195312
5.27344 0.195312
5.3037 0.195312
5.24318 0.22557
5.27344 0.22557
5.3037 0.22557
5.16505 0.24318
5.19531 0.24318
5.22557 0.24318
5.16505 0.273438
5.19531 0.273438
5.22557 0.273438
5.16505 0.303695
5.19531 0.303695
5.22557 0.303695
5.3213 0.165055
5.35156 0.165055
5.38182 0.165055
5.3213 0.195312
5.35156 0.195312
5.38182 0.195312
5.3213 0.22557
5.35156 0.22557
5.38182 0.22557
5.39943 0.165055
5.42969 0.165055
5.45995 0.165055
5.39943 0.195312
5.42969 0.195312
5.45995 0.195312
5.39943 0.22557
5.42969 0.22557
5.45995 0.22557
5.39943 0.24318
5.42969 0.24318
5.45995 0.24318
5.39943 0.273438
5.42969 0.273438
5.45995 0.273438
5.39943 0.303695
5.42969 0.303695
5.45995 0.303695
5.39943 0.321305
5.42969 0.321305
5.45995 0.321305
5.39943 0.351562
5.42969 0.351562
5.45995 0.351562
5.39943 0.38182
5.42969 0.38182
5.45995 0.38182
5.39943 0.39943
5.42969 0.39943
5.45995 0.39943
5.39943 0.429688
5.42969 0.429688
5.45995 0.429688
5.39943 0.459945
5.42969 0.459945
5.45995 0.459945
5.3213 0.39943
5.35156 0.39943
5.38182 0.39943
5.3213 0.429688
5.35156 0.429688
5.38182 0.429688
5.3213 0.459945
5.35156 0.459945
5.38182 0.459945
5.16505 0.321305
5.19531 0.321305
5.22557 0.321305
5.16505 0.351562
5.19531 0.351562
5.22557 0.351562
5.16505 0.38182
5.19531 0.38182
5.22557 0.38182
5.24318 0.39943
5.27344 0.39943
5.3037 0.39943
5.24318 0.429688
5.27344 0.429688
5.3037 0.429688
5.24318 0.459945
5.27344 0.459945
5.3037 0.459945
5.16505 0.39943
5.19531 0.39943
5.22557 0.39943
5.16505 0.429688
5.19531 0.429688
5.22557 0.429688
5.16505 0.459945
5.19531 0.459945
5.22557 0.459945
5.23878 0.238777
5.25391 0.238777
5.26904 0.238777
5.23878 0.253906
5.25391 0.253906
5.26904 0.253906
5.23878 0.269035
5.25391 0.269035
5.26904 0.269035
5.27784 0.238777
5.29297 0.238777
5.3081 0.238777
5.27784 0.253906
5.29297 0.253906
5.3081 0.253906
5.27784 0.269035
5.29297 0.269035
5.3081 0.269035
5.23878 0.27784
5.25391 0.27784
5.26904 0.27784
5.23878 0.292969
5.25391 0.292969
5.26904 0.292969
5.23878 0.308098
5.25391 0.308098
5.26904 0.308098
5.3169 0.238777
5.33203 0.238777
5.34716 0.238777
5.3169 0.253906
5.33203 0.253906
5.34716 0.253906
5.3169 0.269035
5.33203 0.269035
5.34716 0.269035
5.35596 0.238777
5.37109 0.238777
5.38622 0.238777
5.35596 0.253906
5.37109 0.253906
5.38622 0.253906
5.35596 0.269035
5.37109 0.269035
5.38622 0.269035
5.35596 0.27784
5.37109 0.27784
5.38622 0.27784
5.35596 0.292969
5.37109 0.292969
5.38622 0.292969
5.35596 0.308098
5.37109 0.308098
5.38622 0.308098
5.35596 0.316902
5.37109 0.316902
5.38622 0.316902
5.35596 0.332031
5.37109 0.332031
5.38622 0.332031
5.35596 0.34716
5.37109 0.34716
5.38622 0.34716
5.35596 0.355965
5.37109 0.355965
5.38622 0.355965
5.35596 0.371094
5.37109 0.371094
5.38622 0.371094
5.35596 0.386223
5.37109 0.386223
5.38622 0.386223
5.3169 0.355965
5.33203 0.355965
5.34716 0.355965
5.3169 0.371094
5.33203 0.371094
5.34716 0.371094
5.3169 0.386223
5.33203 0.386223
5.34716 0.386223
5.23878 0.316902
5.25391 0.316902
5.26904 0.316902
5.23878 0.332031
5.25391 0.332031
5.26904 0.332031
5.23878 0.34716
5.25391 0.34716
5.26904 0.34716
5.27784 0.355965
5.29297 0.355965
5.3081 0.355965
5.27784 0.371094
5.29297 0.371094
5.3081 0.371094
5.27784 0.386223
5.29297 0.386223
5.3081 0.386223
5.23878 0.355965
5.25391 0.355965
5.26904 0.355965
5.23878 0.371094
5.25391 0.371094
5.26904 0.371094
5.23878 0.386223
5.25391 0.386223
5.26904 0.386223
5.30273 0.302734
5.33423 0.275639
5.3418 0.275639
5.34936 0.275639
5.33423 0.283203
5.3418 0.283203
5.34936 0.283203
5.33423 0.290768
5.3418 0.290768
5.34936 0.290768
5.33423 0.29517
5.3418 0.29517
5.34936 0.29517
5.33423 0.302734
5.3418 0.302734
5.34936 0.302734
5.33423 0.310299
5.3418 0.310299
5.34936 0.310299
5.33423 0.314701
5.3418 0.314701
5.34936 0.314701
5.33423 0.322266
5.3418 0.322266
5.34936 0.322266
5.33423 0.32983
5.3418 0.32983
5.34936 0.32983
5.33423 0.334232
5.3418 0.334232
5.34936 0.334232
5.33423 0.341797
5.3418 0.341797
5.34936 0.341797
5.33423 0.349361
5.3418 0.349361
5.34936 0.349361
5.3147 0.334232
5.32227 0.334232
5.32983 0.334232
5.3147 0.341797
5.32227 0.341797
5.32983 0.341797
5.3147 0.349361
5.32227 0.349361
5.32983 0.349361
5.29517 0.334232
5.30273 0.334232
5.3103 0.334232
5.29517 0.341797
5.30273 0.341797
5.3103 0.341797
5.29517 0.349361
5.30273 0.349361
5.3103 0.349361
5.27564 0.334232
5.2832 0.334232
5.29077 0.334232
5.27564 0.341797
5.2832 0.341797
5.29077 0.341797
5.27564 0.349361
5.2832 0.349361
5.29077 0.349361
5.27454 0.274538
5.27832 0.274538
5.2821 0.274538
5.27454 0.27832
5.27832 0.27832
5.2821 0.27832
5.27454 0.282103
5.27832 0.282103
5.2821 0.282103
5.29785 0.288086
5.28809 0.297852
5.3136 0.274538
5.31738 0.274538
5.32117 0.274538
5.3136 0.27832
5.31738 0.27832
5.32117 0.27832
5.3136 0.282103
5.31738 0.282103
5.32117 0.282103
5.32337 0.274538
5.32715 0.274538
5.33093 0.274538
5.32337 0.27832
5.32715 0.27832
5.33093 0.27832
5.32337 0.282103
5.32715 0.282103
5.33093 0.282103
5.32337 0.284304
5.32715 0.284304
5.33093 0.284304
5.32337 0.288086
5.32715 0.288086
5.33093 0.288086
5.32337 0.291868
5.32715 0.291868
5.33093 0.291868
5.32337 0.294069
5.32715 0.294069
5.33093 0.294069
5.32337 0.297852
5.32715 0.297852
5.33093 0.297852
5.32337 0.301634
5.32715 0.301634
5.33093 0.301634
5.32337 0.303835
5.32715 0.303835
5.33093 0.303835
5.32337 0.307617
5.32715 0.307617
5.33093 0.307617
5.32337 0.311399
5.32715 0.311399
5.33093 0.311399
5.32337 0.313601
5.32715 0.313601
5.33093 0.313601
5.32337 0.317383
5.32715 0.317383
5.33093 0.317383
5.32337 0.321165
5.32715 0.321165
5.33093 0.321165
5.32337 0.323366
5.32715 0.323366
5.33093 0.323366
5.32337 0.327148
5.32715 0.327148
5.33093 0.327148
5.32337 0.330931
5.32715 0.330931
5.33093 0.330931
5.3136 0.323366
5.31738 0.323366
5.32117 0.323366
5.3136 0.327148
5.31738 0.327148
5.32117 0.327148
5.3136 0.330931
5.31738 0.330931
5.32117 0.330931
5.27454 0.313601
5.27832 0.313601
5.2821 0.313601
5.27454 0.317383
5.27832 0.317383
5.2821 0.317383
5.27454 0.321165
5.27832 0.321165
5.2821 0.321165
5.2843 0.323366
5.28809 0.323366
5.29187 0.323366
5.2843 0.327148
5.28809 0.327148
5.29187 0.327148
5.2843 0.330931
5.28809 0.330931
5.29187 0.330931
5.27454 0.323366
5.27832 0.323366
5.2821 0.323366
5.27454 0.327148
5.27832 0.327148
5.2821 0.327148
5.27454 0.330931
5.27832 0.330931
5.2821 0.330931
5.30383 0.323366
5.30762 0.323366
5.3114 0.323366
5.30383 0.327148
5.30762 0.327148
5.3114 0.327148
5.30383 0.330931
5.30762 0.330931
5.3114 0.330931
5.29407 0.323366
5.29785 0.323366
5.30163 0.323366
5.29407 0.327148
5.29785 0.327148
5.30163 0.327148
5.29407 0.330931
5.29785 0.330931
5.30163 0.330931
5.28375 0.273988
5.28564 0.273988
5.28754 0.273988
5.28375 0.275879
5.28564 0.275879
5.28754 0.275879
5.28375 0.27777
5.28564 0.27777
5.28754 0.27777
5.28864 0.273988
5.29053 0.273988
5.29242 0.273988
5.28864 0.275879
5.29053 0.275879
5.29242 0.275879
5.28864 0.27777
5.29053 0.27777
5.29242 0.27777
5.28375 0.278871
5.28564 0.278871
5.28754 0.278871
5.28375 0.280762
5.28564 0.280762
5.28754 0.280762
5.28375 0.282653
5.28564 0.282653
5.28754 0.282653
5.29053 0.290527
5.27399 0.283753
5.27588 0.283753
5.27777 0.283753
5.27399 0.285645
5.27588 0.285645
5.27777 0.285645
5.27399 0.287536
5.27588 0.287536
5.27777 0.287536
5.27887 0.283753
5.28076 0.283753
5.28265 0.283753
5.27887 0.285645
5.28076 0.285645
5.28265 0.285645
5.27887 0.287536
5.28076 0.287536
5.28265 0.287536
5.27399 0.288636
5.27588 0.288636
5.27777 0.288636
5.27399 0.290527
5.27588 0.290527
5.27777 0.290527
5.27399 0.292418
5.27588 0.292418
5.27777 0.292418
5.29352 0.273988
5.29541 0.273988
5.2973 0.273988
5.29352 0.275879
5.29541 0.275879
5.2973 0.275879
5.29352 0.27777
5.29541 0.27777
5.2973 0.27777
5.2984 0.273988
5.30029 0.273988
5.30218 0.273988
5.2984 0.275879
5.30029 0.275879
5.30218 0.275879
5.2984 0.27777
5.30029 0.27777
5.30218 0.27777
5.30328 0.273988
5.30518 0.273988
5.30707 0.273988
5.30328 0.275879
5.30518 0.275879
5.30707 0.275879
5.30328 0.27777
5.30518 0.27777
5.30707 0.27777
5.30817 0.273988
5.31006 0.273988
5.31195 0.273988
5.30817 0.275879
5.31006 0.275879
5.31195 0.275879
5.30817 0.27777
5.31006 0.27777
5.31195 0.27777
5.30518 0.285645
5.31006 0.290527
5.30518 0.290527
5.27399 0.293519
5.27588 0.293519
5.27777 0.293519
5.27399 0.29541
5.27588 0.29541
5.27777 0.29541
5.27399 0.297301
5.27588 0.297301
5.27777 0.297301
5.27399 0.298402
5.27588 0.298402
5.27777 0.298402
5.27399 0.300293
5.27588 0.300293
5.27777 0.300293
5.27399 0.302184
5.27588 0.302184
5.27777 0.302184
5.28564 0.305176
5.29053 0.305176
5.29053 0.310059
5.27399 0.303285
5.27588 0.303285
5.27777 0.303285
5.27399 0.305176
5.27588 0.305176
5.27777 0.305176
5.27399 0.307067
5.27588 0.307067
5.27777 0.307067
5.27399 0.308167
5.27588 0.308167
5.27777 0.308167
5.27399 0.310059
5.27588 0.310059
5.27777 0.310059
5.27399 0.31195
5.27588 0.31195
5.27777 0.31195
5.31793 0.283753
5.31982 0.283753
5.32172 0.283753
5.31793 0.285645
5.31982 0.285645
5.32172 0.285645
5.31793 0.287536
5.31982 0.287536
5.32172 0.287536
5.31494 0.29541
5.31494 0.300293
5.31494 0.305176
5.31793 0.31305
5.31982 0.31305
5.32172 0.31305
5.31793 0.314941
5.31982 0.314941
5.32172 0.314941
5.31793 0.316833
5.31982 0.316833
5.32172 0.316833
5.31793 0.317933
5.31982 0.317933
5.32172 0.317933
5.31793 0.319824
5.31982 0.319824
5.32172 0.319824
5.31793 0.321715
5.31982 0.321715
5.32172 0.321715
5.31305 0.317933
5.31494 0.317933
5.31683 0.317933
5.31305 0.319824
5.31494 0.319824
5.31683 0.319824
5.31305 0.321715
5.31494 0.321715
5.31683 0.321715
5.28375 0.317933
5.28564 0.317933
5.28754 0.317933
5.28375 0.319824
5.28564 0.319824
5.28754 0.319824
5.28375 0.321715
5.28564 0.321715
5.28754 0.321715
5.29541 0.314941
5.30029 0.314941
5.30518 0.314941
5.28836 0.278595
5.28931 0.278595
5.29025 0.278595
5.28836 0.279541
5.28931 0.279541
5.29025 0.279541
5.28836 0.280487
5.28931 0.280487
5.29025 0.280487
5.2908 0.278595
5.29175 0.278595
5.29269 0.278595
5.2908 0.279541
5.29175 0.279541
5.29269 0.279541
5.2908 0.280487
5.29175 0.280487
5.29269 0.280487
5.28348 0.283478
5.28442 0.283478
5.28537 0.283478
5.28348 0.284424
5.28442 0.284424
5.28537 0.284424
5.28348 0.285369
5.28442 0.285369
5.28537 0.285369
5.29175 0.284424
5.29175 0.286865
5.28931 0.286865
5.28687 0.289307
5.28687 0.291748
5.28442 0.291748
5.2786 0.288361
5.27954 0.288361
5.28049 0.288361
5.2786 0.289307
5.27954 0.289307
5.28049 0.289307
5.2786 0.290252
5.27954 0.290252
5.28049 0.290252
5.2786 0.290802
5.27954 0.290802
5.28049 0.290802
5.2786 0.291748
5.27954 0.291748
5.28049 0.291748
5.2786 0.292694
5.27954 0.292694
5.28049 0.292694
5.30151 0.281982
5.29907 0.281982
5.29663 0.281982
5.30789 0.278595
5.30884 0.278595
5.30978 0.278595
5.30789 0.279541
5.30884 0.279541
5.30978 0.279541
5.30789 0.280487
5.30884 0.280487
5.30978 0.280487
5.31033 0.278595
5.31128 0.278595
5.31222 0.278595
5.31033 0.279541
5.31128 0.279541
5.31222 0.279541
5.31033 0.280487
5.31128 0.280487
5.31222 0.280487
5.30396 0.281982
5.30884 0.284424
5.31128 0.286865
5.30884 0.286865
5.28198 0.296631
5.28198 0.299072
5.28198 0.301514
5.28442 0.308838
5.28687 0.308838
5.28687 0.311279
5.28198 0.303955
5.2786 0.307892
5.27954 0.307892
5.28049 0.307892
5.2786 0.308838
5.27954 0.308838
5.28049 0.308838
5.2786 0.309783
5.27954 0.309783
5.28049 0.309783
5.2786 0.310334
5.27954 0.310334
5.28049 0.310334
5.2786 0.311279
5.27954 0.311279
5.28049 0.311279
5.2786 0.312225
5.27954 0.312225
5.28049 0.312225
5.31522 0.283478
5.31616 0.283478
5.31711 0.283478
5.31522 0.284424
5.31616 0.284424
5.31711 0.284424
5.31522 0.285369
5.31616 0.285369
5.31711 0.285369
5.3201 0.288361
5.32104 0.288361
5.32199 0.288361
5.3201 0.289307
5.32104 0.289307
5.32199 0.289307
5.3201 0.290252
5.32104 0.290252
5.32199 0.290252
5.3201 0.290802
5.32104 0.290802
5.32199 0.290802
5.3201 0.291748
5.32104 0.291748
5.32199 0.291748
5.3201 0.292694
5.32104 0.292694
5.32199 0.292694
5.31372 0.289307
5.31616 0.291748
5.31372 0.291748
5.3201 0.293244
5.32104 0.293244
5.32199 0.293244
5.3201 0.294189
5.32104 0.294189
5.32199 0.294189
5.3201 0.295135
5.32104 0.295135
5.32199 0.295135
5.3186 0.299072
5.3201 0.30301
5.32104 0.30301
5.32199 0.30301
5.3201 0.303955
5.32104 0.303955
5.32199 0.303955
5.3201 0.304901
5.32104 0.304901
5.32199 0.304901
5.3201 0.305451
5.32104 0.305451
5.32199 0.305451
5.3201 0.306396
5.32104 0.306396
5.32199 0.306396
5.3201 0.307342
5.32104 0.307342
5.32199 0.307342
5.3201 0.307892
5.32104 0.307892
5.32199 0.307892
5.3201 0.308838
5.32104 0.308838
5.32199 0.308838
5.3201 0.309783
5.32104 0.309783
5.32199 0.309783
5.3201 0.310334
5.32104 0.310334
5.32199 0.310334
5.3201 0.311279
5.32104 0.311279
5.32199 0.311279
5.3201 0.312225
5.32104 0.312225
5.32199 0.312225
5.31766 0.310334
5.3186 0.310334
5.31955 0.310334
5.31766 0.311279
5.3186 0.311279
5.31955 0.311279
5.31766 0.312225
5.3186 0.312225
5.31955 0.312225
5.31372 0.308838
5.31372 0.311279
5.31522 0.315217
5.31616 0.315217
5.31711 0.315217
5.31522 0.316162
5.31616 0.316162
5.31711 0.316162
5.31522 0.317108
5.31616 0.317108
5.31711 0.317108
5.28348 0.315217
5.28442 0.315217
5.28537 0.315217
5.28348 0.316162
5.28442 0.316162
5.28537 0.316162
5.28348 0.317108
5.28442 0.317108
5.28537 0.317108
5.28931 0.313721
5.29175 0.313721
5.29175 0.316162
5.2908 0.320099
5.29175 0.320099
5.29269 0.320099
5.2908 0.321045
5.29175 0.321045
5.29269 0.321045
5.2908 0.32199
5.29175 0.32199
5.29269 0.32199
5.28836 0.320099
5.28931 0.320099
5.29025 0.320099
5.28836 0.321045
5.28931 0.321045
5.29025 0.321045
5.28836 0.32199
5.28931 0.32199
5.29025 0.32199
5.29907 0.318604
5.29324 0.320099
5.29419 0.320099
5.29514 0.320099
5.29324 0.321045
5.29419 0.321045
5.29514 0.321045
5.29324 0.32199
5.29419 0.32199
5.29514 0.32199
5.30884 0.313721
5.31128 0.313721
5.31033 0.317658
5.31128 0.317658
5.31222 0.317658
5.31033 0.318604
5.31128 0.318604
5.31222 0.318604
5.31033 0.319549
5.31128 0.319549
5.31222 0.319549
5.31033 0.320099
5.31128 0.320099
5.31222 0.320099
5.31033 0.321045
5.31128 0.321045
5.31222 0.321045
5.31033 0.32199
5.31128 0.32199
5.31222 0.32199
5.30789 0.320099
5.30884 0.320099
5.30978 0.320099
5.30789 0.321045
5.30884 0.321045
5.30978 0.321045
5.30789 0.32199
5.30884 0.32199
5.30978 0.32199
5.30545 0.320099
5.3064 0.320099
5.30734 0.320099
5.30545 0.321045
5.3064 0.321045
5.30734 0.321045
5.30545 0.32199
5.3064 0.32199
5.30734 0.32199
5.30301 0.320099
5.30396 0.320099
5.3049 0.320099
5.30301 0.321045
5.30396 0.321045
5.3049 0.321045
5.30301 0.32199
5.30396 0.32199
5.3049 0.32199
5.29236 0.282593
5.28822 0.280899
5.2887 0.280899
5.28917 0.280899
5.28822 0.281372
5.2887 0.281372
5.28917 0.281372
5.28822 0.281845
5.2887 0.281845
5.28917 0.281845
5.28944 0.280899
5.28992 0.280899
5.29039 0.280899
5.28944 0.281372
5.28992 0.281372
5.29039 0.281372
5.28944 0.281845
5.28992 0.281845
5.29039 0.281845
5.28578 0.283341
5.28625 0.283341
5.28673 0.283341
5.28578 0.283813
5.28625 0.283813
5.28673 0.283813
5.28578 0.284286
5.28625 0.284286
5.28673 0.284286
5.28748 0.286255
5.28748 0.287476
5.28625 0.287476
5.28334 0.285782
5.28381 0.285782
5.28429 0.285782
5.28334 0.286255
5.28381 0.286255
5.28429 0.286255
5.28334 0.286728
5.28381 0.286728
5.28429 0.286728
5.28992 0.283813
5.28992 0.285034
5.2887 0.285034
5.28503 0.288696
5.28503 0.289917
5.28381 0.289917
5.2809 0.288224
5.28137 0.288224
5.28184 0.288224
5.2809 0.288696
5.28137 0.288696
5.28184 0.288696
5.2809 0.289169
5.28137 0.289169
5.28184 0.289169
5.2809 0.289444
5.28137 0.289444
5.28184 0.289444
5.2809 0.289917
5.28137 0.289917
5.28184 0.289917
5.2809 0.29039
5.28137 0.29039
5.28184 0.29039
5.28259 0.292358
5.29799 0.278458
5.29846 0.278458
5.29893 0.278458
5.29799 0.278931
5.29846 0.278931
5.29893 0.278931
5.29799 0.279403
5.29846 0.279403
5.29893 0.279403
5.29921 0.278458
5.29968 0.278458
5.30016 0.278458
5.29921 0.278931
5.29968 0.278931
5.30016 0.278931
5.29921 0.279403
5.29968 0.279403
5.30016 0.279403
5.30043 0.278458
5.3009 0.278458
5.30138 0.278458
5.30043 0.278931
5.3009 0.278931
5.30138 0.278931
5.30043 0.279403
5.3009 0.279403
5.30138 0.279403
5.30165 0.278458
5.30212 0.278458
5.3026 0.278458
5.30165 0.278931
5.30212 0.278931
5.3026 0.278931
5.30165 0.279403
5.30212 0.279403
5.3026 0.279403
5.29311 0.278458
5.29358 0.278458
5.29405 0.278458
5.29311 0.278931
5.29358 0.278931
5.29405 0.278931
5.29311 0.279403
5.29358 0.279403
5.29405 0.279403
5.29433 0.278458
5.2948 0.278458
5.29527 0.278458
5.29433 0.278931
5.2948 0.278931
5.29527 0.278931
5.29433 0.279403
5.2948 0.279403
5.29527 0.279403
5.29311 0.279679
5.29358 0.279679
5.29405 0.279679
5.29311 0.280151
5.29358 0.280151
5.29405 0.280151
5.29311 0.280624
5.29358 0.280624
5.29405 0.280624
5.29555 0.278458
5.29602 0.278458
5.29649 0.278458
5.29555 0.278931
5.29602 0.278931
5.29649 0.278931
5.29555 0.279403
5.29602 0.279403
5.29649 0.279403
5.29677 0.278458
5.29724 0.278458
5.29771 0.278458
5.29677 0.278931
5.29724 0.278931
5.29771 0.278931
5.29677 0.279403
5.29724 0.279403
5.29771 0.279403
5.2948 0.282593
5.29358 0.282593
5.3102 0.280899
5.31067 0.280899
5.31114 0.280899
5.3102 0.281372
5.31067 0.281372
5.31114 0.281372
5.3102 0.281845
5.31067 0.281845
5.31114 0.281845
5.31142 0.280899
5.31189 0.280899
5.31236 0.280899
5.31142 0.281372
5.31189 0.281372
5.31236 0.281372
5.31142 0.281845
5.31189 0.281845
5.31236 0.281845
5.31142 0.28212
5.31189 0.28212
5.31236 0.28212
5.31142 0.282593
5.31189 0.282593
5.31236 0.282593
5.31142 0.283066
5.31189 0.283066
5.31236 0.283066
5.30898 0.280899
5.30945 0.280899
5.30992 0.280899
5.30898 0.281372
5.30945 0.281372
5.30992 0.281372
5.30898 0.281845
5.30945 0.281845
5.30992 0.281845
5.30287 0.278458
5.30334 0.278458
5.30382 0.278458
5.30287 0.278931
5.30334 0.278931
5.30382 0.278931
5.30287 0.279403
5.30334 0.279403
5.30382 0.279403
5.30409 0.278458
5.30457 0.278458
5.30504 0.278458
5.30409 0.278931
5.30457 0.278931
5.30504 0.278931
5.30409 0.279403
5.30457 0.279403
5.30504 0.279403
5.30531 0.278458
5.30579 0.278458
5.30626 0.278458
5.30531 0.278931
5.30579 0.278931
5.30626 0.278931
5.30531 0.279403
5.30579 0.279403
5.30626 0.279403
5.30653 0.278458
5.30701 0.278458
5.30748 0.278458
5.30653 0.278931
5.30701 0.278931
5.30748 0.278931
5.30653 0.279403
5.30701 0.279403
5.30748 0.279403
5.30653 0.279679
5.30701 0.279679
5.30748 0.279679
5.30653 0.280151
5.30701 0.280151
5.30748 0.280151
5.30653 0.280624
5.30701 0.280624
5.30748 0.280624
5.30701 0.282593
5.30579 0.282593
5.31189 0.285034
5.31067 0.285034
5.27846 0.293106
5.27893 0.293106
5.2794 0.293106
5.27846 0.293579
5.27893 0.293579
5.2794 0.293579
5.27846 0.294052
5.27893 0.294052
5.2794 0.294052
5.27968 0.293106
5.28015 0.293106
5.28062 0.293106
5.27968 0.293579
5.28015 0.293579
5.28062 0.293579
5.27968 0.294052
5.28015 0.294052
5.28062 0.294052
5.27846 0.294327
5.27893 0.294327
5.2794 0.294327
5.27846 0.2948
5.27893 0.2948
5.2794 0.2948
5.27846 0.295273
5.27893 0.295273
5.2794 0.295273
5.28259 0.293579
5.28259 0.2948
5.27846 0.295548
5.27893 0.295548
5.2794 0.295548
5.27846 0.296021
5.27893 0.296021
5.2794 0.296021
5.27846 0.296493
5.27893 0.296493
5.2794 0.296493
5.27846 0.296768
5.27893 0.296768
5.2794 0.296768
5.27846 0.297241
5.27893 0.297241
5.2794 0.297241
5.27846 0.297714
5.27893 0.297714
5.2794 0.297714
5.27846 0.297989
5.27893 0.297989
5.2794 0.297989
5.27846 0.298462
5.27893 0.298462
5.2794 0.298462
5.27846 0.298935
5.27893 0.298935
5.2794 0.298935
5.27846 0.29921
5.27893 0.29921
5.2794 0.29921
5.27846 0.299683
5.27893 0.299683
5.2794 0.299683
5.27846 0.300155
5.27893 0.300155
5.2794 0.300155
5.27846 0.300431
5.27893 0.300431
5.2794 0.300431
5.27846 0.300903
5.27893 0.300903
5.2794 0.300903
5.27846 0.301376
5.27893 0.301376
5.2794 0.301376
5.27846 0.301651
5.27893 0.301651
5.2794 0.301651
5.27846 0.302124
5.27893 0.302124
5.2794 0.302124
5.27846 0.302597
5.27893 0.302597
5.2794 0.302597
5.28503 0.310669
5.28503 0.31189
5.27846 0.302872
5.27893 0.302872
5.2794 0.302872
5.27846 0.303345
5.27893 0.303345
5.2794 0.303345
5.27846 0.303818
5.27893 0.303818
5.2794 0.303818
5.27846 0.304093
5.27893 0.304093
5.2794 0.304093
5.27846 0.304565
5.27893 0.304565
5.2794 0.304565
5.27846 0.305038
5.27893 0.305038
5.2794 0.305038
5.28259 0.305786
5.28259 0.307007
5.27846 0.305313
5.27893 0.305313
5.2794 0.305313
5.27846 0.305786
5.27893 0.305786
5.2794 0.305786
5.27846 0.306259
5.27893 0.306259
5.2794 0.306259
5.27968 0.306534
5.28015 0.306534
5.28062 0.306534
5.27968 0.307007
5.28015 0.307007
5.28062 0.307007
5.27968 0.30748
5.28015 0.30748
5.28062 0.30748
5.27846 0.306534
5.27893 0.306534
5.2794 0.306534
5.27846 0.307007
5.27893 0.307007
5.2794 0.307007
5.27846 0.30748
5.27893 0.30748
5.2794 0.30748
5.2809 0.308975
5.28137 0.308975
5.28184 0.308975
5.2809 0.309448
5.28137 0.309448
5.28184 0.309448
5.2809 0.309921
5.28137 0.309921
5.28184 0.309921
5.2809 0.310196
5.28137 0.310196
5.28184 0.310196
5.2809 0.310669
5.28137 0.310669
5.28184 0.310669
5.2809 0.311142
5.28137 0.311142
5.28184 0.311142
5.28212 0.311417
5.28259 0.311417
5.28307 0.311417
5.28212 0.31189
5.28259 0.31189
5.28307 0.31189
5.28212 0.312362
5.28259 0.312362
5.28307 0.312362
5.2809 0.311417
5.28137 0.311417
5.28184 0.311417
5.2809 0.31189
5.28137 0.31189
5.28184 0.31189
5.2809 0.312362
5.28137 0.312362
5.28184 0.312362
5.31386 0.283341
5.31433 0.283341
5.3148 0.283341
5.31386 0.283813
5.31433 0.283813
5.3148 0.283813
5.31386 0.284286
5.31433 0.284286
5.3148 0.284286
5.3163 0.285782
5.31677 0.285782
5.31725 0.285782
5.3163 0.286255
5.31677 0.286255
5.31725 0.286255
5.3163 0.286728
5.31677 0.286728
5.31725 0.286728
5.3163 0.287003
5.31677 0.287003
5.31725 0.287003
5.3163 0.287476
5.31677 0.287476
5.31725 0.287476
5.3163 0.287948
5.31677 0.287948
5.31725 0.287948
5.31311 0.286255
5.31433 0.287476
5.31311 0.287476
5.31752 0.288224
5.31799 0.288224
5.31847 0.288224
5.31752 0.288696
5.31799 0.288696
5.31847 0.288696
5.31752 0.289169
5.31799 0.289169
5.31847 0.289169
5.31874 0.288224
5.31921 0.288224
5.31969 0.288224
5.31874 0.288696
5.31921 0.288696
5.31969 0.288696
5.31874 0.289169
5.31921 0.289169
5.31969 0.289169
5.31874 0.289444
5.31921 0.289444
5.31969 0.289444
5.31874 0.289917
5.31921 0.289917
5.31969 0.289917
5.31874 0.29039
5.31921 0.29039
5.31969 0.29039
5.31874 0.290665
5.31921 0.290665
5.31969 0.290665
5.31874 0.291138
5.31921 0.291138
5.31969 0.291138
5.31874 0.29161
5.31921 0.29161
5.31969 0.29161
5.31555 0.289917
5.31799 0.293579
5.31799 0.2948
5.31996 0.295548
5.32043 0.295548
5.32091 0.295548
5.31996 0.296021
5.32043 0.296021
5.32091 0.296021
5.31996 0.296493
5.32043 0.296493
5.32091 0.296493
5.32118 0.295548
5.32166 0.295548
5.32213 0.295548
5.32118 0.296021
5.32166 0.296021
5.32213 0.296021
5.32118 0.296493
5.32166 0.296493
5.32213 0.296493
5.32118 0.296768
5.32166 0.296768
5.32213 0.296768
5.32118 0.297241
5.32166 0.297241
5.32213 0.297241
5.32118 0.297714
5.32166 0.297714
5.32213 0.297714
5.31799 0.296021
5.31799 0.297241
5.32118 0.297989
5.32166 0.297989
5.32213 0.297989
5.32118 0.298462
5.32166 0.298462
5.32213 0.298462
5.32118 0.298935
5.32166 0.298935
5.32213 0.298935
5.32118 0.29921
5.32166 0.29921
5.32213 0.29921
5.32118 0.299683
5.32166 0.299683
5.32213 0.299683
5.32118 0.300155
5.32166 0.300155
5.32213 0.300155
5.32118 0.300431
5.32166 0.300431
5.32213 0.300431
5.32118 0.300903
5.32166 0.300903
5.32213 0.300903
5.32118 0.301376
5.32166 0.301376
5.32213 0.301376
5.32118 0.301651
5.32166 0.301651
5.32213 0.301651
5.32118 0.302124
5.32166 0.302124
5.32213 0.302124
5.32118 0.302597
5.32166 0.302597
5.32213 0.302597
5.31799 0.300903
5.31921 0.300903
5.31799 0.302124
5.31799 0.303345
5.31799 0.304565
5.31799 0.305786
5.31874 0.307755
5.31921 0.307755
5.31969 0.307755
5.31874 0.308228
5.31921 0.308228
5.31969 0.308228
5.31874 0.3087
5.31921 0.3087
5.31969 0.3087
5.31874 0.308975
5.31921 0.308975
5.31969 0.308975
5.31874 0.309448
5.31921 0.309448
5.31969 0.309448
5.31874 0.309921
5.31921 0.309921
5.31969 0.309921
5.31555 0.308228
5.31677 0.308228
5.31555 0.309448
5.31555 0.310669
5.31311 0.31311
5.3163 0.312638
5.31677 0.312638
5.31725 0.312638
5.3163 0.31311
5.31677 0.31311
5.31725 0.31311
5.3163 0.313583
5.31677 0.313583
5.31725 0.313583
5.3163 0.313858
5.31677 0.313858
5.31725 0.313858
5.3163 0.314331
5.31677 0.314331
5.31725 0.314331
5.3163 0.314804
5.31677 0.314804
5.31725 0.314804
5.31508 0.313858
5.31555 0.313858
5.31602 0.313858
5.31508 0.314331
5.31555 0.314331
5.31602 0.314331
5.31508 0.314804
5.31555 0.314804
5.31602 0.314804
5.31386 0.315079
5.31433 0.315079
5.3148 0.315079
5.31386 0.315552
5.31433 0.315552
5.3148 0.315552
5.31386 0.316025
5.31433 0.316025
5.3148 0.316025
5.31386 0.3163
5.31433 0.3163
5.3148 0.3163
5.31386 0.316772
5.31433 0.316772
5.3148 0.316772
5.31386 0.317245
5.31433 0.317245
5.3148 0.317245
5.31264 0.3163
5.31311 0.3163
5.31358 0.3163
5.31264 0.316772
5.31311 0.316772
5.31358 0.316772
5.31264 0.317245
5.31311 0.317245
5.31358 0.317245
5.28334 0.313858
5.28381 0.313858
5.28429 0.313858
5.28334 0.314331
5.28381 0.314331
5.28429 0.314331
5.28334 0.314804
5.28381 0.314804
5.28429 0.314804
5.28625 0.31311
5.28748 0.31311
5.28748 0.314331
5.287 0.3163
5.28748 0.3163
5.28795 0.3163
5.287 0.316772
5.28748 0.316772
5.28795 0.316772
5.287 0.317245
5.28748 0.317245
5.28795 0.317245
5.28578 0.3163
5.28625 0.3163
5.28673 0.3163
5.28578 0.316772
5.28625 0.316772
5.28673 0.316772
5.28578 0.317245
5.28625 0.317245
5.28673 0.317245
5.28992 0.315552
5.28822 0.31752
5.2887 0.31752
5.28917 0.31752
5.28822 0.317993
5.2887 0.317993
5.28917 0.317993
5.28822 0.318466
5.2887 0.318466
5.28917 0.318466
5.28944 0.318741
5.28992 0.318741
5.29039 0.318741
5.28944 0.319214
5.28992 0.319214
5.29039 0.319214
5.28944 0.319687
5.28992 0.319687
5.29039 0.319687
5.28822 0.318741
5.2887 0.318741
5.28917 0.318741
5.28822 0.319214
5.2887 0.319214
5.28917 0.319214
5.28822 0.319687
5.2887 0.319687
5.28917 0.319687
5.29066 0.318741
5.29114 0.318741
5.29161 0.318741
5.29066 0.319214
5.29114 0.319214
5.29161 0.319214
5.29066 0.319687
5.29114 0.319687
5.29161 0.319687
5.3009 0.317993
5.30212 0.317993
5.3009 0.319214
5.30165 0.321182
5.30212 0.321182
5.3026 0.321182
5.30165 0.321655
5.30212 0.321655
5.3026 0.321655
5.30165 0.322128
5.30212 0.322128
5.3026 0.322128
5.30043 0.321182
5.3009 0.321182
5.30138 0.321182
5.30043 0.321655
5.3009 0.321655
5.30138 0.321655
5.30043 0.322128
5.3009 0.322128
5.30138 0.322128
5.29921 0.321182
5.29968 0.321182
5.30016 0.321182
5.29921 0.321655
5.29968 0.321655
5.30016 0.321655
5.29921 0.322128
5.29968 0.322128
5.30016 0.322128
5.29799 0.321182
5.29846 0.321182
5.29893 0.321182
5.29799 0.321655
5.29846 0.321655
5.29893 0.321655
5.29799 0.322128
5.29846 0.322128
5.29893 0.322128
5.29358 0.317993
5.2948 0.317993
5.29602 0.317993
5.29724 0.317993
5.29555 0.319962
5.29602 0.319962
5.29649 0.319962
5.29555 0.320435
5.29602 0.320435
5.29649 0.320435
5.29555 0.320907
5.29602 0.320907
5.29649 0.320907
5.29677 0.321182
5.29724 0.321182
5.29771 0.321182
5.29677 0.321655
5.29724 0.321655
5.29771 0.321655
5.29677 0.322128
5.29724 0.322128
5.29771 0.322128
5.29555 0.321182
5.29602 0.321182
5.29649 0.321182
5.29555 0.321655
5.29602 0.321655
5.29649 0.321655
5.29555 0.322128
5.29602 0.322128
5.29649 0.322128
5.31067 0.315552
5.30823 0.315552
5.30945 0.315552
5.30823 0.316772
5.30898 0.318741
5.30945 0.318741
5.30992 0.318741
5.30898 0.319214
5.30945 0.319214
5.30992 0.319214
5.30898 0.319687
5.30945 0.319687
5.30992 0.319687
5.30775 0.318741
5.30823 0.318741
5.3087 0.318741
5.30775 0.319214
5.30823 0.319214
5.3087 0.319214
5.30775 0.319687
5.30823 0.319687
5.3087 0.319687
5.30334 0.317993
5.30457 0.317993
5.30579 0.317993
5.2906 0.280831
5.29083 0.280831
5.29107 0.280831
5.2906 0.281067
5.29083 0.281067
5.29107 0.281067
5.2906 0.281303
5.29083 0.281303
5.29107 0.281303
5.29121 0.280831
5.29144 0.280831
5.29168 0.280831
5.29121 0.281067
5.29144 0.281067
5.29168 0.281067
5.29121 0.281303
5.29144 0.281303
5.29168 0.281303
5.29121 0.281441
5.29144 0.281441
5.29168 0.281441
5.29121 0.281677
5.29144 0.281677
5.29168 0.281677
5.29121 0.281914
5.29144 0.281914
5.29168 0.281914
5.2906 0.281441
5.29083 0.281441
5.29107 0.281441
5.2906 0.281677
5.29083 0.281677
5.29107 0.281677
5.2906 0.281914
5.29083 0.281914
5.29107 0.281914
5.29182 0.280831
5.29205 0.280831
5.29229 0.280831
5.29182 0.281067
5.29205 0.281067
5.29229 0.281067
5.29182 0.281303
5.29205 0.281303
5.29229 0.281303
5.29243 0.280831
5.29266 0.280831
5.2929 0.280831
5.29243 0.281067
5.29266 0.281067
5.2929 0.281067
5.29243 0.281303
5.29266 0.281303
5.2929 0.281303
5.29243 0.281441
5.29266 0.281441
5.2929 0.281441
5.29243 0.281677
5.29266 0.281677
5.2929 0.281677
5.29243 0.281914
5.29266 0.281914
5.2929 0.281914
5.29182 0.281441
5.29205 0.281441
5.29229 0.281441
5.29182 0.281677
5.29205 0.281677
5.29229 0.281677
5.29182 0.281914
5.29205 0.281914
5.29229 0.281914
5.2906 0.282051
5.29083 0.282051
5.29107 0.282051
5.2906 0.282288
5.29083 0.282288
5.29107 0.282288
5.2906 0.282524
5.29083 0.282524
5.29107 0.282524
5.29121 0.282051
5.29144 0.282051
5.29168 0.282051
5.29121 0.282288
5.29144 0.282288
5.29168 0.282288
5.29121 0.282524
5.29144 0.282524
5.29168 0.282524
5.29144 0.282898
5.29083 0.282898
5.28938 0.282051
5.28961 0.282051
5.28985 0.282051
5.28938 0.282288
5.28961 0.282288
5.28985 0.282288
5.28938 0.282524
5.28961 0.282524
5.28985 0.282524
5.28999 0.282051
5.29022 0.282051
5.29046 0.282051
5.28999 0.282288
5.29022 0.282288
5.29046 0.282288
5.28999 0.282524
5.29022 0.282524
5.29046 0.282524
5.28999 0.282662
5.29022 0.282662
5.29046 0.282662
5.28999 0.282898
5.29022 0.282898
5.29046 0.282898
5.28999 0.283134
5.29022 0.283134
5.29046 0.283134
5.28938 0.282662
5.28961 0.282662
5.28985 0.282662
5.28938 0.282898
5.28961 0.282898
5.28985 0.282898
5.28938 0.283134
5.28961 0.283134
5.28985 0.283134
5.28815 0.282051
5.28839 0.282051
5.28863 0.282051
5.28815 0.282288
5.28839 0.282288
5.28863 0.282288
5.28815 0.282524
5.28839 0.282524
5.28863 0.282524
5.28877 0.282051
5.289 0.282051
5.28924 0.282051
5.28877 0.282288
5.289 0.282288
5.28924 0.282288
5.28877 0.282524
5.289 0.282524
5.28924 0.282524
5.28877 0.282662
5.289 0.282662
5.28924 0.282662
5.28877 0.282898
5.289 0.282898
5.28924 0.282898
5.28877 0.283134
5.289 0.283134
5.28924 0.283134
5.28815 0.282662
5.28839 0.282662
5.28863 0.282662
5.28815 0.282898
5.28839 0.282898
5.28863 0.282898
5.28815 0.283134
5.28839 0.283134
5.28863 0.283134
5.28693 0.283272
5.28717 0.283272
5.28741 0.283272
5.28693 0.283508
5.28717 0.283508
5.28741 0.283508
5.28693 0.283745
5.28717 0.283745
5.28741 0.283745
5.28754 0.283272
5.28778 0.283272
5.28802 0.283272
5.28754 0.283508
5.28778 0.283508
5.28802 0.283508
5.28754 0.283745
5.28778 0.283745
5.28802 0.283745
5.28754 0.283882
5.28778 0.283882
5.28802 0.283882
5.28754 0.284119
5.28778 0.284119
5.28802 0.284119
5.28754 0.284355
5.28778 0.284355
5.28802 0.284355
5.28693 0.283882
5.28717 0.283882
5.28741 0.283882
5.28693 0.284119
5.28717 0.284119
5.28741 0.284119
5.28693 0.284355
5.28717 0.284355
5.28741 0.284355
5.28693 0.284493
5.28717 0.284493
5.28741 0.284493
5.28693 0.284729
5.28717 0.284729
5.28741 0.284729
5.28693 0.284965
5.28717 0.284965
5.28741 0.284965
5.28778 0.284729
5.28778 0.285339
5.28717 0.285339
5.28571 0.284493
5.28595 0.284493
5.28619 0.284493
5.28571 0.284729
5.28595 0.284729
5.28619 0.284729
5.28571 0.284965
5.28595 0.284965
5.28619 0.284965
5.28632 0.284493
5.28656 0.284493
5.2868 0.284493
5.28632 0.284729
5.28656 0.284729
5.2868 0.284729
5.28632 0.284965
5.28656 0.284965
5.2868 0.284965
5.28632 0.285103
5.28656 0.285103
5.2868 0.285103
5.28632 0.285339
5.28656 0.285339
5.2868 0.285339
5.28632 0.285576
5.28656 0.285576
5.2868 0.285576
5.28571 0.285103
5.28595 0.285103
5.28619 0.285103
5.28571 0.285339
5.28595 0.285339
5.28619 0.285339
5.28571 0.285576
5.28595 0.285576
5.28619 0.285576
5.28571 0.285713
5.28595 0.285713
5.28619 0.285713
5.28571 0.28595
5.28595 0.28595
5.28619 0.28595
5.28571 0.286186
5.28595 0.286186
5.28619 0.286186
5.28656 0.28595
5.28656 0.28656
5.28595 0.28656
5.28449 0.285713
5.28473 0.285713
5.28497 0.285713
5.28449 0.28595
5.28473 0.28595
5.28497 0.28595
5.28449 0.286186
5.28473 0.286186
5.28497 0.286186
5.2851 0.285713
5.28534 0.285713
5.28558 0.285713
5.2851 0.28595
5.28534 0.28595
5.28558 0.28595
5.2851 0.286186
5.28534 0.286186
5.28558 0.286186
5.2851 0.286324
5.28534 0.286324
5.28558 0.286324
5.2851 0.28656
5.28534 0.28656
5.28558 0.28656
5.2851 0.286796
5.28534 0.286796
5.28558 0.286796
5.28449 0.286324
5.28473 0.286324
5.28497 0.286324
5.28449 0.28656
5.28473 0.28656
5.28497 0.28656
5.28449 0.286796
5.28473 0.286796
5.28497 0.286796
5.28449 0.286934
5.28473 0.286934
5.28497 0.286934
5.28449 0.28717
5.28473 0.28717
5.28497 0.28717
5.28449 0.287407
5.28473 0.287407
5.28497 0.287407
5.28534 0.28717
5.28534 0.287781
5.28473 0.287781
5.28327 0.286934
5.28351 0.286934
5.28374 0.286934
5.28327 0.28717
5.28351 0.28717
5.28374 0.28717
5.28327 0.287407
5.28351 0.287407
5.28374 0.287407
5.28388 0.286934
5.28412 0.286934
5.28436 0.286934
5.28388 0.28717
5.28412 0.28717
5.28436 0.28717
5.28388 0.287407
5.28412 0.287407
5.28436 0.287407
5.28388 0.287544
5.28412 0.287544
5.28436 0.287544
5.28388 0.287781
5.28412 0.287781
5.28436 0.287781
5.28388 0.288017
5.28412 0.288017
5.28436 0.288017
5.28327 0.287544
5.28351 0.287544
5.28374 0.287544
5.28327 0.287781
5.28351 0.287781
5.28374 0.287781
5.28327 0.288017
5.28351 0.288017
5.28374 0.288017
5.28815 0.283272
5.28839 0.283272
5.28863 0.283272
5.28815 0.283508
5.28839 0.283508
5.28863 0.283508
5.28815 0.283745
5.28839 0.283745
5.28863 0.283745
5.28877 0.283272
5.289 0.283272
5.28924 0.283272
5.28877 0.283508
5.289 0.283508
5.28924 0.283508
5.28877 0.283745
5.289 0.283745
5.28924 0.283745
5.289 0.284119
5.28815 0.283882
5.28839 0.283882
5.28863 0.283882
5.28815 0.284119
5.28839 0.284119
5.28863 0.284119
5.28815 0.284355
5.28839 0.284355
5.28863 0.284355
5.28327 0.288155
5.28351 0.288155
5.28374 0.288155
5.28327 0.288391
5.28351 0.288391
5.28374 0.288391
5.28327 0.288628
5.28351 0.288628
5.28374 0.288628
5.28388 0.288155
5.28412 0.288155
5.28436 0.288155
5.28388 0.288391
5.28412 0.288391
5.28436 0.288391
5.28388 0.288628
5.28412 0.288628
5.28436 0.288628
5.28412 0.289001
5.28327 0.288765
5.28351 0.288765
5.28374 0.288765
5.28327 0.289001
5.28351 0.289001
5.28374 0.289001
5.28327 0.289238
5.28351 0.289238
5.28374 0.289238
5.28205 0.288155
5.28229 0.288155
5.28252 0.288155
5.28205 0.288391
5.28229 0.288391
5.28252 0.288391
5.28205 0.288628
5.28229 0.288628
5.28252 0.288628
5.28266 0.288155
5.2829 0.288155
5.28313 0.288155
5.28266 0.288391
5.2829 0.288391
5.28313 0.288391
5.28266 0.288628
5.2829 0.288628
5.28313 0.288628
5.28266 0.288765
5.2829 0.288765
5.28313 0.288765
5.28266 0.289001
5.2829 0.289001
5.28313 0.289001
5.28266 0.289238
5.2829 0.289238
5.28313 0.289238
5.28205 0.288765
5.28229 0.288765
5.28252 0.288765
5.28205 0.289001
5.28229 0.289001
5.28252 0.289001
5.28205 0.289238
5.28229 0.289238
5.28252 0.289238
5.28205 0.289375
5.28229 0.289375
5.28252 0.289375
5.28205 0.289612
5.28229 0.289612
5.28252 0.289612
5.28205 0.289848
5.28229 0.289848
5.28252 0.289848
5.28266 0.289375
5.2829 0.289375
5.28313 0.289375
5.28266 0.289612
5.2829 0.289612
5.28313 0.289612
5.28266 0.289848
5.2829 0.289848
5.28313 0.289848
5.28266 0.289986
5.2829 0.289986
5.28313 0.289986
5.28266 0.290222
5.2829 0.290222
5.28313 0.290222
5.28266 0.290459
5.2829 0.290459
5.28313 0.290459
5.28205 0.289986
5.28229 0.289986
5.28252 0.289986
5.28205 0.290222
5.28229 0.290222
5.28252 0.290222
5.28205 0.290459
5.28229 0.290459
5.28252 0.290459
5.28083 0.290596
5.28107 0.290596
5.2813 0.290596
5.28083 0.290833
5.28107 0.290833
5.2813 0.290833
5.28083 0.291069
5.28107 0.291069
5.2813 0.291069
5.28144 0.290596
5.28168 0.290596
5.28191 0.290596
5.28144 0.290833
5.28168 0.290833
5.28191 0.290833
5.28144 0.291069
5.28168 0.291069
5.28191 0.291069
5.28144 0.291206
5.28168 0.291206
5.28191 0.291206
5.28144 0.291443
5.28168 0.291443
5.28191 0.291443
5.28144 0.291679
5.28168 0.291679
5.28191 0.291679
5.28083 0.291206
5.28107 0.291206
5.2813 0.291206
5.28083 0.291443
5.28107 0.291443
5.2813 0.291443
5.28083 0.291679
5.28107 0.291679
5.2813 0.291679
5.28205 0.290596
5.28229 0.290596
5.28252 0.290596
5.28205 0.290833
5.28229 0.290833
5.28252 0.290833
5.28205 0.291069
5.28229 0.291069
5.28252 0.291069
5.2829 0.290833
5.2829 0.291443
5.28205 0.291206
5.28229 0.291206
5.28252 0.291206
5.28205 0.291443
5.28229 0.291443
5.28252 0.291443
5.28205 0.291679
5.28229 0.291679
5.28252 0.291679
5.28083 0.291817
5.28107 0.291817
5.2813 0.291817
5.28083 0.292053
5.28107 0.292053
5.2813 0.292053
5.28083 0.29229
5.28107 0.29229
5.2813 0.29229
5.28144 0.291817
5.28168 0.291817
5.28191 0.291817
5.28144 0.292053
5.28168 0.292053
5.28191 0.292053
5.28144 0.29229
5.28168 0.29229
5.28191 0.29229
5.28144 0.292427
5.28168 0.292427
5.28191 0.292427
5.28144 0.292664
5.28168 0.292664
5.28191 0.292664
5.28144 0.2929
5.28168 0.2929
5.28191 0.2929
5.28083 0.292427
5.28107 0.292427
5.2813 0.292427
5.28083 0.292664
5.28107 0.292664
5.2813 0.292664
5.28083 0.2929
5.28107 0.2929
5.2813 0.2929
5.29914 0.27961
5.29938 0.27961
5.29961 0.27961
5.29914 0.279846
5.29938 0.279846
5.29961 0.279846
5.29914 0.280083
5.29938 0.280083
5.29961 0.280083
5.29975 0.27961
5.29999 0.27961
5.30022 0.27961
5.29975 0.279846
5.29999 0.279846
5.30022 0.279846
5.29975 0.280083
5.29999 0.280083
5.30022 0.280083
5.29999 0.280457
5.29938 0.280457
5.29792 0.27961
5.29816 0.27961
5.29839 0.27961
5.29792 0.279846
5.29816 0.279846
5.29839 0.279846
5.29792 0.280083
5.29816 0.280083
5.29839 0.280083
5.29853 0.27961
5.29877 0.27961
5.299 0.27961
5.29853 0.279846
5.29877 0.279846
5.299 0.279846
5.29853 0.280083
5.29877 0.280083
5.299 0.280083
5.29877 0.280457
5.29816 0.280457
5.30158 0.27961
5.30182 0.27961
5.30206 0.27961
5.30158 0.279846
5.30182 0.279846
5.30206 0.279846
5.30158 0.280083
5.30182 0.280083
5.30206 0.280083
5.30219 0.27961
5.30243 0.27961
5.30267 0.27961
5.30219 0.279846
5.30243 0.279846
5.30267 0.279846
5.30219 0.280083
5.30243 0.280083
5.30267 0.280083
5.30219 0.28022
5.30243 0.28022
5.30267 0.28022
5.30219 0.280457
5.30243 0.280457
5.30267 0.280457
5.30219 0.280693
5.30243 0.280693
5.30267 0.280693
5.30182 0.280457
5.30036 0.27961
5.3006 0.27961
5.30083 0.27961
5.30036 0.279846
5.3006 0.279846
5.30083 0.279846
5.30036 0.280083
5.3006 0.280083
5.30083 0.280083
5.30097 0.27961
5.30121 0.27961
5.30144 0.27961
5.30097 0.279846
5.30121 0.279846
5.30144 0.279846
5.30097 0.280083
5.30121 0.280083
5.30144 0.280083
5.30121 0.280457
5.3006 0.280457
5.29426 0.27961
5.29449 0.27961
5.29473 0.27961
5.29426 0.279846
5.29449 0.279846
5.29473 0.279846
5.29426 0.280083
5.29449 0.280083
5.29473 0.280083
5.29487 0.27961
5.2951 0.27961
5.29534 0.27961
5.29487 0.279846
5.2951 0.279846
5.29534 0.279846
5.29487 0.280083
5.2951 0.280083
5.29534 0.280083
5.29487 0.28022
5.2951 0.28022
5.29534 0.28022
5.29487 0.280457
5.2951 0.280457
5.29534 0.280457
5.29487 0.280693
5.2951 0.280693
5.29534 0.280693
5.29426 0.28022
5.29449 0.28022
5.29473 0.28022
5.29426 0.280457
5.29449 0.280457
5.29473 0.280457
5.29426 0.280693
5.29449 0.280693
5.29473 0.280693
5.2967 0.27961
5.29694 0.27961
5.29717 0.27961
5.2967 0.279846
5.29694 0.279846
5.29717 0.279846
5.2967 0.280083
5.29694 0.280083
5.29717 0.280083
5.29731 0.27961
5.29755 0.27961
5.29778 0.27961
5.29731 0.279846
5.29755 0.279846
5.29778 0.279846
5.29731 0.280083
5.29755 0.280083
5.29778 0.280083
5.29731 0.28022
5.29755 0.28022
5.29778 0.28022
5.29731 0.280457
5.29755 0.280457
5.29778 0.280457
5.29731 0.280693
5.29755 0.280693
5.29778 0.280693
5.2967 0.28022
5.29694 0.28022
5.29717 0.28022
5.2967 0.280457
5.29694 0.280457
5.29717 0.280457
5.2967 0.280693
5.29694 0.280693
5.29717 0.280693
5.29548 0.27961
5.29572 0.27961
5.29595 0.27961
5.29548 0.279846
5.29572 0.279846
5.29595 0.279846
5.29548 0.280083
5.29572 0.280083
5.29595 0.280083
5.29609 0.27961
5.29633 0.27961
5.29656 0.27961
5.29609 0.279846
5.29633 0.279846
5.29656 0.279846
5.29609 0.280083
5.29633 0.280083
5.29656 0.280083
5.29609 0.28022
5.29633 0.28022
5.29656 0.28022
5.29609 0.280457
5.29633 0.280457
5.29656 0.280457
5.29609 0.280693
5.29633 0.280693
5.29656 0.280693
5.29548 0.28022
5.29572 0.28022
5.29595 0.28022
5.29548 0.280457
5.29572 0.280457
5.29595 0.280457
5.29548 0.280693
5.29572 0.280693
5.29595 0.280693
5.29304 0.280831
5.29327 0.280831
5.29351 0.280831
5.29304 0.281067
5.29327 0.281067
5.29351 0.281067
5.29304 0.281303
5.29327 0.281303
5.29351 0.281303
5.29365 0.280831
5.29388 0.280831
5.29412 0.280831
5.29365 0.281067
5.29388 0.281067
5.29412 0.281067
5.29365 0.281303
5.29388 0.281303
5.29412 0.281303
5.29388 0.281677
5.29327 0.281677
5.29426 0.280831
5.29449 0.280831
5.29473 0.280831
5.29426 0.281067
5.29449 0.281067
5.29473 0.281067
5.29426 0.281303
5.29449 0.281303
5.29473 0.281303
5.2951 0.281067
5.2951 0.281677
5.29449 0.281677
5.31013 0.282051
5.31036 0.282051
5.3106 0.282051
5.31013 0.282288
5.31036 0.282288
5.3106 0.282288
5.31013 0.282524
5.31036 0.282524
5.3106 0.282524
5.31074 0.282051
5.31097 0.282051
5.31121 0.282051
5.31074 0.282288
5.31097 0.282288
5.31121 0.282288
5.31074 0.282524
5.31097 0.282524
5.31121 0.282524
5.31074 0.282662
5.31097 0.282662
5.31121 0.282662
5.31074 0.282898
5.31097 0.282898
5.31121 0.282898
5.31074 0.283134
5.31097 0.283134
5.31121 0.283134
5.31013 0.282662
5.31036 0.282662
5.3106 0.282662
5.31013 0.282898
5.31036 0.282898
5.3106 0.282898
5.31013 0.283134
5.31036 0.283134
5.3106 0.283134
5.30769 0.280831
5.30792 0.280831
5.30816 0.280831
5.30769 0.281067
5.30792 0.281067
5.30816 0.281067
5.30769 0.281303
5.30792 0.281303
5.30816 0.281303
5.3083 0.280831
5.30853 0.280831
5.30877 0.280831
5.3083 0.281067
5.30853 0.281067
5.30877 0.281067
5.3083 0.281303
5.30853 0.281303
5.30877 0.281303
5.3083 0.281441
5.30853 0.281441
5.30877 0.281441
5.3083 0.281677
5.30853 0.281677
5.30877 0.281677
5.3083 0.281914
5.30853 0.281914
5.30877 0.281914
5.30769 0.281441
5.30792 0.281441
5.30816 0.281441
5.30769 0.281677
5.30792 0.281677
5.30816 0.281677
5.30769 0.281914
5.30792 0.281914
5.30816 0.281914
5.30891 0.282051
5.30914 0.282051
5.30938 0.282051
5.30891 0.282288
5.30914 0.282288
5.30938 0.282288
5.30891 0.282524
5.30914 0.282524
5.30938 0.282524
5.30952 0.282051
5.30975 0.282051
5.30999 0.282051
5.30952 0.282288
5.30975 0.282288
5.30999 0.282288
5.30952 0.282524
5.30975 0.282524
5.30999 0.282524
5.30952 0.282662
5.30975 0.282662
5.30999 0.282662
5.30952 0.282898
5.30975 0.282898
5.30999 0.282898
5.30952 0.283134
5.30975 0.283134
5.30999 0.283134
5.30914 0.282898
5.30792 0.282288
5.3083 0.282051
5.30853 0.282051
5.30877 0.282051
5.3083 0.282288
5.30853 0.282288
5.30877 0.282288
5.3083 0.282524
5.30853 0.282524
5.30877 0.282524
5.30853 0.282898
5.30792 0.282898
5.30402 0.27961
5.30426 0.27961
5.3045 0.27961
5.30402 0.279846
5.30426 0.279846
5.3045 0.279846
5.30402 0.280083
5.30426 0.280083
5.3045 0.280083
5.30463 0.27961
5.30487 0.27961
5.30511 0.27961
5.30463 0.279846
5.30487 0.279846
5.30511 0.279846
5.30463 0.280083
5.30487 0.280083
5.30511 0.280083
5.30463 0.28022
5.30487 0.28022
5.30511 0.28022
5.30463 0.280457
5.30487 0.280457
5.30511 0.280457
5.30463 0.280693
5.30487 0.280693
5.30511 0.280693
5.30402 0.28022
5.30426 0.28022
5.3045 0.28022
5.30402 0.280457
5.30426 0.280457
5.3045 0.280457
5.30402 0.280693
5.30426 0.280693
5.3045 0.280693
5.3028 0.27961
5.30304 0.27961
5.30328 0.27961
5.3028 0.279846
5.30304 0.279846
5.30328 0.279846
5.3028 0.280083
5.30304 0.280083
5.30328 0.280083
5.30341 0.27961
5.30365 0.27961
5.30389 0.27961
5.30341 0.279846
5.30365 0.279846
5.30389 0.279846
5.30341 0.280083
5.30365 0.280083
5.30389 0.280083
5.30341 0.28022
5.30365 0.28022
5.30389 0.28022
5.30341 0.280457
5.30365 0.280457
5.30389 0.280457
5.30341 0.280693
5.30365 0.280693
5.30389 0.280693
5.3028 0.28022
5.30304 0.28022
5.30328 0.28022
5.3028 0.280457
5.30304 0.280457
5.30328 0.280457
5.3028 0.280693
5.30304 0.280693
5.30328 0.280693
5.30524 0.27961
5.30548 0.27961
5.30572 0.27961
5.30524 0.279846
5.30548 0.279846
5.30572 0.279846
5.30524 0.280083
5.30548 0.280083
5.30572 0.280083
5.30585 0.27961
5.30609 0.27961
5.30633 0.27961
5.30585 0.279846
5.30609 0.279846
5.30633 0.279846
5.30585 0.280083
5.30609 0.280083
5.30633 0.280083
5.30585 0.28022
5.30609 0.28022
5.30633 0.28022
5.30585 0.280457
5.30609 0.280457
5.30633 0.280457
5.30585 0.280693
5.30609 0.280693
5.30633 0.280693
5.30524 0.28022
5.30548 0.28022
5.30572 0.28022
5.30524 0.280457
5.30548 0.280457
5.30572 0.280457
5.30524 0.280693
5.30548 0.280693
5.30572 0.280693
5.30524 0.280831
5.30548 0.280831
5.30572 0.280831
5.30524 0.281067
5.30548 0.281067
5.30572 0.281067
5.30524 0.281303
5.30548 0.281303
5.30572 0.281303
5.30585 0.280831
5.30609 0.280831
5.30633 0.280831
5.30585 0.281067
5.30609 0.281067
5.30633 0.281067
5.30585 0.281303
5.30609 0.281303
5.30633 0.281303
5.30609 0.281677
5.30548 0.281677
5.30647 0.280831
5.3067 0.280831
5.30694 0.280831
5.30647 0.281067
5.3067 0.281067
5.30694 0.281067
5.30647 0.281303
5.3067 0.281303
5.30694 0.281303
5.30708 0.280831
5.30731 0.280831
5.30755 0.280831
5.30708 0.281067
5.30731 0.281067
5.30755 0.281067
5.30708 0.281303
5.30731 0.281303
5.30755 0.281303
5.30708 0.281441
5.30731 0.281441
5.30755 0.281441
5.30708 0.281677
5.30731 0.281677
5.30755 0.281677
5.30708 0.281914
5.30731 0.281914
5.30755 0.281914
5.3067 0.281677
5.31036 0.283508
5.31074 0.283272
5.31097 0.283272
5.31121 0.283272
5.31074 0.283508
5.31097 0.283508
5.31121 0.283508
5.31074 0.283745
5.31097 0.283745
5.31121 0.283745
5.31097 0.284119
5.31036 0.284119
5.31135 0.283272
5.31158 0.283272
5.31182 0.283272
5.31135 0.283508
5.31158 0.283508
5.31182 0.283508
5.31135 0.283745
5.31158 0.283745
5.31182 0.283745
5.31196 0.283272
5.31219 0.283272
5.31243 0.283272
5.31196 0.283508
5.31219 0.283508
5.31243 0.283508
5.31196 0.283745
5.31219 0.283745
5.31243 0.283745
5.31196 0.283882
5.31219 0.283882
5.31243 0.283882
5.31196 0.284119
5.31219 0.284119
5.31243 0.284119
5.31196 0.284355
5.31219 0.284355
5.31243 0.284355
5.31135 0.283882
5.31158 0.283882
5.31182 0.283882
5.31135 0.284119
5.31158 0.284119
5.31182 0.284119
5.31135 0.284355
5.31158 0.284355
5.31182 0.284355
5.27961 0.294258
5.27985 0.294258
5.28008 0.294258
5.27961 0.294495
5.27985 0.294495
5.28008 0.294495
5.27961 0.294731
5.27985 0.294731
5.28008 0.294731
5.28022 0.294258
5.28046 0.294258
5.28069 0.294258
5.28022 0.294495
5.28046 0.294495
5.28069 0.294495
5.28022 0.294731
5.28046 0.294731
5.28069 0.294731
5.28022 0.294869
5.28046 0.294869
5.28069 0.294869
5.28022 0.295105
5.28046 0.295105
5.28069 0.295105
5.28022 0.295341
5.28046 0.295341
5.28069 0.295341
5.27961 0.294869
5.27985 0.294869
5.28008 0.294869
5.27961 0.295105
5.27985 0.295105
5.28008 0.295105
5.27961 0.295341
5.27985 0.295341
5.28008 0.295341
5.28083 0.293038
5.28107 0.293038
5.2813 0.293038
5.28083 0.293274
5.28107 0.293274
5.2813 0.293274
5.28083 0.29351
5.28107 0.29351
5.2813 0.29351
5.28168 0.293274
5.28168 0.293884
5.28083 0.293648
5.28107 0.293648
5.2813 0.293648
5.28083 0.293884
5.28107 0.293884
5.2813 0.293884
5.28083 0.294121
5.28107 0.294121
5.2813 0.294121
5.28083 0.294258
5.28107 0.294258
5.2813 0.294258
5.28083 0.294495
5.28107 0.294495
5.2813 0.294495
5.28083 0.294731
5.28107 0.294731
5.2813 0.294731
5.28168 0.294495
5.28168 0.295105
5.28107 0.295105
5.27961 0.295479
5.27985 0.295479
5.28008 0.295479
5.27961 0.295715
5.27985 0.295715
5.28008 0.295715
5.27961 0.295952
5.27985 0.295952
5.28008 0.295952
5.28022 0.295479
5.28046 0.295479
5.28069 0.295479
5.28022 0.295715
5.28046 0.295715
5.28069 0.295715
5.28022 0.295952
5.28046 0.295952
5.28069 0.295952
5.28022 0.296089
5.28046 0.296089
5.28069 0.296089
5.28022 0.296326
5.28046 0.296326
5.28069 0.296326
5.28022 0.296562
5.28046 0.296562
5.28069 0.296562
5.27961 0.296089
5.27985 0.296089
5.28008 0.296089
5.27961 0.296326
5.27985 0.296326
5.28008 0.296326
5.27961 0.296562
5.27985 0.296562
5.28008 0.296562
5.27961 0.2967
5.27985 0.2967
5.28008 0.2967
5.27961 0.296936
5.27985 0.296936
5.28008 0.296936
5.27961 0.297172
5.27985 0.297172
5.28008 0.297172
5.28022 0.2967
5.28046 0.2967
5.28069 0.2967
5.28022 0.296936
5.28046 0.296936
5.28069 0.296936
5.28022 0.297172
5.28046 0.297172
5.28069 0.297172
5.28022 0.29731
5.28046 0.29731
5.28069 0.29731
5.28022 0.297546
5.28046 0.297546
5.28069 0.297546
5.28022 0.297783
5.28046 0.297783
5.28069 0.297783
5.27961 0.29731
5.27985 0.29731
5.28008 0.29731
5.27961 0.297546
5.27985 0.297546
5.28008 0.297546
5.27961 0.297783
5.27985 0.297783
5.28008 0.297783
5.27961 0.29792
5.27985 0.29792
5.28008 0.29792
5.27961 0.298157
5.27985 0.298157
5.28008 0.298157
5.27961 0.298393
5.27985 0.298393
5.28008 0.298393
5.28046 0.298157
5.28046 0.298767
5.27961 0.298531
5.27985 0.298531
5.28008 0.298531
5.27961 0.298767
5.27985 0.298767
5.28008 0.298767
5.27961 0.299003
5.27985 0.299003
5.28008 0.299003
5.27961 0.299141
5.27985 0.299141
5.28008 0.299141
5.27961 0.299377
5.27985 0.299377
5.28008 0.299377
5.27961 0.299614
5.27985 0.299614
5.28008 0.299614
5.28046 0.299377
5.28046 0.299988
5.27961 0.299751
5.27985 0.299751
5.28008 0.299751
5.27961 0.299988
5.27985 0.299988
5.28008 0.299988
5.27961 0.300224
5.27985 0.300224
5.28008 0.300224
5.27961 0.300362
5.27985 0.300362
5.28008 0.300362
5.27961 0.300598
5.27985 0.300598
5.28008 0.300598
5.27961 0.300835
5.27985 0.300835
5.28008 0.300835
5.28046 0.300598
5.28046 0.301208
5.27961 0.300972
5.27985 0.300972
5.28008 0.300972
5.27961 0.301208
5.27985 0.301208
5.28008 0.301208
5.27961 0.301445
5.27985 0.301445
5.28008 0.301445
5.27961 0.301582
5.27985 0.301582
5.28008 0.301582
5.27961 0.301819
5.27985 0.301819
5.28008 0.301819
5.27961 0.302055
5.27985 0.302055
5.28008 0.302055
5.28046 0.301819
5.28022 0.302193
5.28046 0.302193
5.28069 0.302193
5.28022 0.302429
5.28046 0.302429
5.28069 0.302429
5.28022 0.302666
5.28046 0.302666
5.28069 0.302666
5.27961 0.302193
5.27985 0.302193
5.28008 0.302193
5.27961 0.302429
5.27985 0.302429
5.28008 0.302429
5.27961 0.302666
5.27985 0.302666
5.28008 0.302666
5.28351 0.310364
5.28412 0.310364
5.28412 0.310974
5.28327 0.310738
5.28351 0.310738
5.28374 0.310738
5.28327 0.310974
5.28351 0.310974
5.28374 0.310974
5.28327 0.311211
5.28351 0.311211
5.28374 0.311211
5.28327 0.311348
5.28351 0.311348
5.28374 0.311348
5.28327 0.311584
5.28351 0.311584
5.28374 0.311584
5.28327 0.311821
5.28351 0.311821
5.28374 0.311821
5.28388 0.311348
5.28412 0.311348
5.28436 0.311348
5.28388 0.311584
5.28412 0.311584
5.28436 0.311584
5.28388 0.311821
5.28412 0.311821
5.28436 0.311821
5.28388 0.311958
5.28412 0.311958
5.28436 0.311958
5.28388 0.312195
5.28412 0.312195
5.28436 0.312195
5.28388 0.312431
5.28412 0.312431
5.28436 0.312431
5.28327 0.311958
5.28351 0.311958
5.28374 0.311958
5.28327 0.312195
5.28351 0.312195
5.28374 0.312195
5.28327 0.312431
5.28351 0.312431
5.28374 0.312431
5.27961 0.302803
5.27985 0.302803
5.28008 0.302803
5.27961 0.30304
5.27985 0.30304
5.28008 0.30304
5.27961 0.303276
5.27985 0.303276
5.28008 0.303276
5.28022 0.302803
5.28046 0.302803
5.28069 0.302803
5.28022 0.30304
5.28046 0.30304
5.28069 0.30304
5.28022 0.303276
5.28046 0.303276
5.28069 0.303276
5.28022 0.303414
5.28046 0.303414
5.28069 0.303414
5.28022 0.30365
5.28046 0.30365
5.28069 0.30365
5.28022 0.303886
5.28046 0.303886
5.28069 0.303886
5.27961 0.303414
5.27985 0.303414
5.28008 0.303414
5.27961 0.30365
5.27985 0.30365
5.28008 0.30365
5.27961 0.303886
5.27985 0.303886
5.28008 0.303886
5.27961 0.304024
5.27985 0.304024
5.28008 0.304024
5.27961 0.30426
5.27985 0.30426
5.28008 0.30426
5.27961 0.304497
5.27985 0.304497
5.28008 0.304497
5.28022 0.304024
5.28046 0.304024
5.28069 0.304024
5.28022 0.30426
5.28046 0.30426
5.28069 0.30426
5.28022 0.304497
5.28046 0.304497
5.28069 0.304497
5.28022 0.304634
5.28046 0.304634
5.28069 0.304634
5.28022 0.304871
5.28046 0.304871
5.28069 0.304871
5.28022 0.305107
5.28046 0.305107
5.28069 0.305107
5.27961 0.304634
5.27985 0.304634
5.28008 0.304634
5.27961 0.304871
5.27985 0.304871
5.28008 0.304871
5.27961 0.305107
5.27985 0.305107
5.28008 0.305107
5.28083 0.305245
5.28107 0.305245
5.2813 0.305245
5.28083 0.305481
5.28107 0.305481
5.2813 0.305481
5.28083 0.305717
5.28107 0.305717
5.2813 0.305717
5.28168 0.305481
5.28168 0.306091
5.28083 0.305855
5.28107 0.305855
5.2813 0.305855
5.28083 0.306091
5.28107 0.306091
5.2813 0.306091
5.28083 0.306328
5.28107 0.306328
5.2813 0.306328
5.28083 0.306465
5.28107 0.306465
5.2813 0.306465
5.28083 0.306702
5.28107 0.306702
5.2813 0.306702
5.28083 0.306938
5.28107 0.306938
5.2813 0.306938
5.28168 0.306702
5.28144 0.307076
5.28168 0.307076
5.28191 0.307076
5.28144 0.307312
5.28168 0.307312
5.28191 0.307312
5.28144 0.307548
5.28168 0.307548
5.28191 0.307548
5.28083 0.307076
5.28107 0.307076
5.2813 0.307076
5.28083 0.307312
5.28107 0.307312
5.2813 0.307312
5.28083 0.307548
5.28107 0.307548
5.2813 0.307548
5.27961 0.305245
5.27985 0.305245
5.28008 0.305245
5.27961 0.305481
5.27985 0.305481
5.28008 0.305481
5.27961 0.305717
5.27985 0.305717
5.28008 0.305717
5.28022 0.305245
5.28046 0.305245
5.28069 0.305245
5.28022 0.305481
5.28046 0.305481
5.28069 0.305481
5.28022 0.305717
5.28046 0.305717
5.28069 0.305717
5.28022 0.305855
5.28046 0.305855
5.28069 0.305855
5.28022 0.306091
5.28046 0.306091
5.28069 0.306091
5.28022 0.306328
5.28046 0.306328
5.28069 0.306328
5.27961 0.305855
5.27985 0.305855
5.28008 0.305855
5.27961 0.306091
5.27985 0.306091
5.28008 0.306091
5.27961 0.306328
5.27985 0.306328
5.28008 0.306328
5.28083 0.307686
5.28107 0.307686
5.2813 0.307686
5.28083 0.307922
5.28107 0.307922
5.2813 0.307922
5.28083 0.308159
5.28107 0.308159
5.2813 0.308159
5.28144 0.307686
5.28168 0.307686
5.28191 0.307686
5.28144 0.307922
5.28168 0.307922
5.28191 0.307922
5.28144 0.308159
5.28168 0.308159
5.28191 0.308159
5.28144 0.308296
5.28168 0.308296
5.28191 0.308296
5.28144 0.308533
5.28168 0.308533
5.28191 0.308533
5.28144 0.308769
5.28168 0.308769
5.28191 0.308769
5.28083 0.308296
5.28107 0.308296
5.2813 0.308296
5.28083 0.308533
5.28107 0.308533
5.2813 0.308533
5.28083 0.308769
5.28107 0.308769
5.2813 0.308769
5.28229 0.307922
5.2829 0.307922
5.2829 0.308533
5.28205 0.308296
5.28229 0.308296
5.28252 0.308296
5.28205 0.308533
5.28229 0.308533
5.28252 0.308533
5.28205 0.308769
5.28229 0.308769
5.28252 0.308769
5.28205 0.308907
5.28229 0.308907
5.28252 0.308907
5.28205 0.309143
5.28229 0.309143
5.28252 0.309143
5.28205 0.309379
5.28229 0.309379
5.28252 0.309379
5.2829 0.309143
5.28266 0.309517
5.2829 0.309517
5.28313 0.309517
5.28266 0.309753
5.2829 0.309753
5.28313 0.309753
5.28266 0.30999
5.2829 0.30999
5.28313 0.30999
5.28205 0.309517
5.28229 0.309517
5.28252 0.309517
5.28205 0.309753
5.28229 0.309753
5.28252 0.309753
5.28205 0.30999
5.28229 0.30999
5.28252 0.30999
5.28205 0.310127
5.28229 0.310127
5.28252 0.310127
5.28205 0.310364
5.28229 0.310364
5.28252 0.310364
5.28205 0.3106
5.28229 0.3106
5.28252 0.3106
5.28266 0.310127
5.2829 0.310127
5.28313 0.310127
5.28266 0.310364
5.2829 0.310364
5.28313 0.310364
5.28266 0.3106
5.2829 0.3106
5.28313 0.3106
5.28266 0.310738
5.2829 0.310738
5.28313 0.310738
5.28266 0.310974
5.2829 0.310974
5.28313 0.310974
5.28266 0.311211
5.2829 0.311211
5.28313 0.311211
5.28205 0.310738
5.28229 0.310738
5.28252 0.310738
5.28205 0.310974
5.28229 0.310974
5.28252 0.310974
5.28205 0.311211
5.28229 0.311211
5.28252 0.311211
5.31257 0.283272
5.31281 0.283272
5.31304 0.283272
5.31257 0.283508
5.31281 0.283508
5.31304 0.283508
5.31257 0.283745
5.31281 0.283745
5.31304 0.283745
5.31318 0.283272
5.31342 0.283272
5.31365 0.283272
5.31318 0.283508
5.31342 0.283508
5.31365 0.283508
5.31318 0.283745
5.31342 0.283745
5.31365 0.283745
5.31318 0.283882
5.31342 0.283882
5.31365 0.283882
5.31318 0.284119
5.31342 0.284119
5.31365 0.284119
5.31318 0.284355
5.31342 0.284355
5.31365 0.284355
5.31257 0.283882
5.31281 0.283882
5.31304 0.283882
5.31257 0.284119
5.31281 0.284119
5.31304 0.284119
5.31257 0.284355
5.31281 0.284355
5.31304 0.284355
5.31379 0.284493
5.31403 0.284493
5.31426 0.284493
5.31379 0.284729
5.31403 0.284729
5.31426 0.284729
5.31379 0.284965
5.31403 0.284965
5.31426 0.284965
5.3144 0.284493
5.31464 0.284493
5.31487 0.284493
5.3144 0.284729
5.31464 0.284729
5.31487 0.284729
5.3144 0.284965
5.31464 0.284965
5.31487 0.284965
5.3144 0.285103
5.31464 0.285103
5.31487 0.285103
5.3144 0.285339
5.31464 0.285339
5.31487 0.285339
5.3144 0.285576
5.31464 0.285576
5.31487 0.285576
5.31379 0.285103
5.31403 0.285103
5.31426 0.285103
5.31379 0.285339
5.31403 0.285339
5.31426 0.285339
5.31379 0.285576
5.31403 0.285576
5.31426 0.285576
5.31257 0.284493
5.31281 0.284493
5.31304 0.284493
5.31257 0.284729
5.31281 0.284729
5.31304 0.284729
5.31257 0.284965
5.31281 0.284965
5.31304 0.284965
5.31318 0.284493
5.31342 0.284493
5.31365 0.284493
5.31318 0.284729
5.31342 0.284729
5.31365 0.284729
5.31318 0.284965
5.31342 0.284965
5.31365 0.284965
5.31318 0.285103
5.31342 0.285103
5.31365 0.285103
5.31318 0.285339
5.31342 0.285339
5.31365 0.285339
5.31318 0.285576
5.31342 0.285576
5.31365 0.285576
5.31281 0.285339
5.31501 0.285713
5.31525 0.285713
5.31548 0.285713
5.31501 0.28595
5.31525 0.28595
5.31548 0.28595
5.31501 0.286186
5.31525 0.286186
5.31548 0.286186
5.31562 0.285713
5.31586 0.285713
5.31609 0.285713
5.31562 0.28595
5.31586 0.28595
5.31609 0.28595
5.31562 0.286186
5.31586 0.286186
5.31609 0.286186
5.31562 0.286324
5.31586 0.286324
5.31609 0.286324
5.31562 0.28656
5.31586 0.28656
5.31609 0.28656
5.31562 0.286796
5.31586 0.286796
5.31609 0.286796
5.31501 0.286324
5.31525 0.286324
5.31548 0.286324
5.31501 0.28656
5.31525 0.28656
5.31548 0.28656
5.31501 0.286796
5.31525 0.286796
5.31548 0.286796
5.31501 0.286934
5.31525 0.286934
5.31548 0.286934
5.31501 0.28717
5.31525 0.28717
5.31548 0.28717
5.31501 0.287407
5.31525 0.287407
5.31548 0.287407
5.31562 0.286934
5.31586 0.286934
5.31609 0.286934
5.31562 0.28717
5.31586 0.28717
5.31609 0.28717
5.31562 0.287407
5.31586 0.287407
5.31609 0.287407
5.31562 0.287544
5.31586 0.287544
5.31609 0.287544
5.31562 0.287781
5.31586 0.287781
5.31609 0.287781
5.31562 0.288017
5.31586 0.288017
5.31609 0.288017
5.31525 0.287781
5.31379 0.285713
5.31403 0.285713
5.31426 0.285713
5.31379 0.28595
5.31403 0.28595
5.31426 0.28595
5.31379 0.286186
5.31403 0.286186
5.31426 0.286186
5.3144 0.285713
5.31464 0.285713
5.31487 0.285713
5.3144 0.28595
5.31464 0.28595
5.31487 0.28595
5.3144 0.286186
5.31464 0.286186
5.31487 0.286186
5.3144 0.286324
5.31464 0.286324
5.31487 0.286324
5.3144 0.28656
5.31464 0.28656
5.31487 0.28656
5.3144 0.286796
5.31464 0.286796
5.31487 0.286796
5.31403 0.28656
5.31745 0.289375
5.31769 0.289375
5.31792 0.289375
5.31745 0.289612
5.31769 0.289612
5.31792 0.289612
5.31745 0.289848
5.31769 0.289848
5.31792 0.289848
5.31806 0.289375
5.3183 0.289375
5.31853 0.289375
5.31806 0.289612
5.3183 0.289612
5.31853 0.289612
5.31806 0.289848
5.3183 0.289848
5.31853 0.289848
5.31806 0.289986
5.3183 0.289986
5.31853 0.289986
5.31806 0.290222
5.3183 0.290222
5.31853 0.290222
5.31806 0.290459
5.3183 0.290459
5.31853 0.290459
5.31745 0.289986
5.31769 0.289986
5.31792 0.289986
5.31745 0.290222
5.31769 0.290222
5.31792 0.290222
5.31745 0.290459
5.31769 0.290459
5.31792 0.290459
5.31745 0.290596
5.31769 0.290596
5.31792 0.290596
5.31745 0.290833
5.31769 0.290833
5.31792 0.290833
5.31745 0.291069
5.31769 0.291069
5.31792 0.291069
5.31806 0.290596
5.3183 0.290596
5.31853 0.290596
5.31806 0.290833
5.3183 0.290833
5.31853 0.290833
5.31806 0.291069
5.3183 0.291069
5.31853 0.291069
5.31806 0.291206
5.3183 0.291206
5.31853 0.291206
5.31806 0.291443
5.3183 0.291443
5.31853 0.291443
5.31806 0.291679
5.3183 0.291679
5.31853 0.291679
5.31745 0.291206
5.31769 0.291206
5.31792 0.291206
5.31745 0.291443
5.31769 0.291443
5.31792 0.291443
5.31745 0.291679
5.31769 0.291679
5.31792 0.291679
5.31867 0.291817
5.31891 0.291817
5.31915 0.291817
5.31867 0.292053
5.31891 0.292053
5.31915 0.292053
5.31867 0.29229
5.31891 0.29229
5.31915 0.29229
5.31928 0.291817
5.31952 0.291817
5.31976 0.291817
5.31928 0.292053
5.31952 0.292053
5.31976 0.292053
5.31928 0.29229
5.31952 0.29229
5.31976 0.29229
5.31928 0.292427
5.31952 0.292427
5.31976 0.292427
5.31928 0.292664
5.31952 0.292664
5.31976 0.292664
5.31928 0.2929
5.31952 0.2929
5.31976 0.2929
5.31867 0.292427
5.31891 0.292427
5.31915 0.292427
5.31867 0.292664
5.31891 0.292664
5.31915 0.292664
5.31867 0.2929
5.31891 0.2929
5.31915 0.2929
5.31769 0.292053
5.31806 0.291817
5.3183 0.291817
5.31853 0.291817
5.31806 0.292053
5.3183 0.292053
5.31853 0.292053
5.31806 0.29229
5.3183 0.29229
5.31853 0.29229
5.31806 0.292427
5.3183 0.292427
5.31853 0.292427
5.31806 0.292664
5.3183 0.292664
5.31853 0.292664
5.31806 0.2929
5.3183 0.2929
5.31853 0.2929
5.31769 0.292664
5.31525 0.288391
5.31562 0.288155
5.31586 0.288155
5.31609 0.288155
5.31562 0.288391
5.31586 0.288391
5.31609 0.288391
5.31562 0.288628
5.31586 0.288628
5.31609 0.288628
5.31586 0.289001
5.31525 0.289001
5.31623 0.288155
5.31647 0.288155
5.3167 0.288155
5.31623 0.288391
5.31647 0.288391
5.3167 0.288391
5.31623 0.288628
5.31647 0.288628
5.3167 0.288628
5.31684 0.288155
5.31708 0.288155
5.31731 0.288155
5.31684 0.288391
5.31708 0.288391
5.31731 0.288391
5.31684 0.288628
5.31708 0.288628
5.31731 0.288628
5.31684 0.288765
5.31708 0.288765
5.31731 0.288765
5.31684 0.289001
5.31708 0.289001
5.31731 0.289001
5.31684 0.289238
5.31708 0.289238
5.31731 0.289238
5.31623 0.288765
5.31647 0.288765
5.3167 0.288765
5.31623 0.289001
5.31647 0.289001
5.3167 0.289001
5.31623 0.289238
5.31647 0.289238
5.3167 0.289238
5.31647 0.289612
5.31684 0.289375
5.31708 0.289375
5.31731 0.289375
5.31684 0.289612
5.31708 0.289612
5.31731 0.289612
5.31684 0.289848
5.31708 0.289848
5.31731 0.289848
5.31684 0.289986
5.31708 0.289986
5.31731 0.289986
5.31684 0.290222
5.31708 0.290222
5.31731 0.290222
5.31684 0.290459
5.31708 0.290459
5.31731 0.290459
5.31647 0.290222
5.31867 0.293038
5.31891 0.293038
5.31915 0.293038
5.31867 0.293274
5.31891 0.293274
5.31915 0.293274
5.31867 0.29351
5.31891 0.29351
5.31915 0.29351
5.31928 0.293038
5.31952 0.293038
5.31976 0.293038
5.31928 0.293274
5.31952 0.293274
5.31976 0.293274
5.31928 0.29351
5.31952 0.29351
5.31976 0.29351
5.31928 0.293648
5.31952 0.293648
5.31976 0.293648
5.31928 0.293884
5.31952 0.293884
5.31976 0.293884
5.31928 0.294121
5.31952 0.294121
5.31976 0.294121
5.31867 0.293648
5.31891 0.293648
5.31915 0.293648
5.31867 0.293884
5.31891 0.293884
5.31915 0.293884
5.31867 0.294121
5.31891 0.294121
5.31915 0.294121
5.31867 0.294258
5.31891 0.294258
5.31915 0.294258
5.31867 0.294495
5.31891 0.294495
5.31915 0.294495
5.31867 0.294731
5.31891 0.294731
5.31915 0.294731
5.31928 0.294258
5.31952 0.294258
5.31976 0.294258
5.31928 0.294495
5.31952 0.294495
5.31976 0.294495
5.31928 0.294731
5.31952 0.294731
5.31976 0.294731
5.31928 0.294869
5.31952 0.294869
5.31976 0.294869
5.31928 0.295105
5.31952 0.295105
5.31976 0.295105
5.31928 0.295341
5.31952 0.295341
5.31976 0.295341
5.31891 0.295105
5.31989 0.2967
5.32013 0.2967
5.32037 0.2967
5.31989 0.296936
5.32013 0.296936
5.32037 0.296936
5.31989 0.297172
5.32013 0.297172
5.32037 0.297172
5.3205 0.2967
5.32074 0.2967
5.32098 0.2967
5.3205 0.296936
5.32074 0.296936
5.32098 0.296936
5.3205 0.297172
5.32074 0.297172
5.32098 0.297172
5.3205 0.29731
5.32074 0.29731
5.32098 0.29731
5.3205 0.297546
5.32074 0.297546
5.32098 0.297546
5.3205 0.297783
5.32074 0.297783
5.32098 0.297783
5.31989 0.29731
5.32013 0.29731
5.32037 0.29731
5.31989 0.297546
5.32013 0.297546
5.32037 0.297546
5.31989 0.297783
5.32013 0.297783
5.32037 0.297783
5.31891 0.295715
5.31928 0.295479
5.31952 0.295479
5.31976 0.295479
5.31928 0.295715
5.31952 0.295715
5.31976 0.295715
5.31928 0.295952
5.31952 0.295952
5.31976 0.295952
5.31928 0.296089
5.31952 0.296089
5.31976 0.296089
5.31928 0.296326
5.31952 0.296326
5.31976 0.296326
5.31928 0.296562
5.31952 0.296562
5.31976 0.296562
5.31891 0.296326
5.31891 0.296936
5.31928 0.2967
5.31952 0.2967
5.31976 0.2967
5.31928 0.296936
5.31952 0.296936
5.31976 0.296936
5.31928 0.297172
5.31952 0.297172
5.31976 0.297172
5.31928 0.29731
5.31952 0.29731
5.31976 0.29731
5.31928 0.297546
5.31952 0.297546
5.31976 0.297546
5.31928 0.297783
5.31952 0.297783
5.31976 0.297783
5.31891 0.297546
5.31989 0.29792
5.32013 0.29792
5.32037 0.29792
5.31989 0.298157
5.32013 0.298157
5.32037 0.298157
5.31989 0.298393
5.32013 0.298393
5.32037 0.298393
5.3205 0.29792
5.32074 0.29792
5.32098 0.29792
5.3205 0.298157
5.32074 0.298157
5.32098 0.298157
5.3205 0.298393
5.32074 0.298393
5.32098 0.298393
5.3205 0.298531
5.32074 0.298531
5.32098 0.298531
5.3205 0.298767
5.32074 0.298767
5.32098 0.298767
5.3205 0.299003
5.32074 0.299003
5.32098 0.299003
5.31989 0.298531
5.32013 0.298531
5.32037 0.298531
5.31989 0.298767
5.32013 0.298767
5.32037 0.298767
5.31989 0.299003
5.32013 0.299003
5.32037 0.299003
5.31989 0.299141
5.32013 0.299141
5.32037 0.299141
5.31989 0.299377
5.32013 0.299377
5.32037 0.299377
5.31989 0.299614
5.32013 0.299614
5.32037 0.299614
5.3205 0.299141
5.32074 0.299141
5.32098 0.299141
5.3205 0.299377
5.32074 0.299377
5.32098 0.299377
5.3205 0.299614
5.32074 0.299614
5.32098 0.299614
5.3205 0.299751
5.32074 0.299751
5.32098 0.299751
5.3205 0.299988
5.32074 0.299988
5.32098 0.299988
5.3205 0.300224
5.32074 0.300224
5.32098 0.300224
5.31989 0.299751
5.32013 0.299751
5.32037 0.299751
5.31989 0.299988
5.32013 0.299988
5.32037 0.299988
5.31989 0.300224
5.32013 0.300224
5.32037 0.300224
5.31989 0.300362
5.32013 0.300362
5.32037 0.300362
5.31989 0.300598
5.32013 0.300598
5.32037 0.300598
5.31989 0.300835
5.32013 0.300835
5.32037 0.300835
5.3205 0.300362
5.32074 0.300362
5.32098 0.300362
5.3205 0.300598
5.32074 0.300598
5.32098 0.300598
5.3205 0.300835
5.32074 0.300835
5.32098 0.300835
5.3205 0.300972
5.32074 0.300972
5.32098 0.300972
5.3205 0.301208
5.32074 0.301208
5.32098 0.301208
5.3205 0.301445
5.32074 0.301445
5.32098 0.301445
5.31989 0.300972
5.32013 0.300972
5.32037 0.300972
5.31989 0.301208
5.32013 0.301208
5.32037 0.301208
5.31989 0.301445
5.32013 0.301445
5.32037 0.301445
5.31989 0.301582
5.32013 0.301582
5.32037 0.301582
5.31989 0.301819
5.32013 0.301819
5.32037 0.301819
5.31989 0.302055
5.32013 0.302055
5.32037 0.302055
5.3205 0.301582
5.32074 0.301582
5.32098 0.301582
5.3205 0.301819
5.32074 0.301819
5.32098 0.301819
5.3205 0.302055
5.32074 0.302055
5.32098 0.302055
5.3205 0.302193
5.32074 0.302193
5.32098 0.302193
5.3205 0.302429
5.32074 0.302429
5.32098 0.302429
5.3205 0.302666
5.32074 0.302666
5.32098 0.302666
5.31989 0.302193
5.32013 0.302193
5.32037 0.302193
5.31989 0.302429
5.32013 0.302429
5.32037 0.302429
5.31989 0.302666
5.32013 0.302666
5.32037 0.302666
5.31891 0.301819
5.31952 0.301819
5.31928 0.302193
5.31952 0.302193
5.31976 0.302193
5.31928 0.302429
5.31952 0.302429
5.31976 0.302429
5.31928 0.302666
5.31952 0.302666
5.31976 0.302666
5.31891 0.302429
5.31891 0.30304
5.31928 0.302803
5.31952 0.302803
5.31976 0.302803
5.31928 0.30304
5.31952 0.30304
5.31976 0.30304
5.31928 0.303276
5.31952 0.303276
5.31976 0.303276
5.31928 0.303414
5.31952 0.303414
5.31976 0.303414
5.31928 0.30365
5.31952 0.30365
5.31976 0.30365
5.31928 0.303886
5.31952 0.303886
5.31976 0.303886
5.31891 0.30365
5.31891 0.30426
5.31928 0.304024
5.31952 0.304024
5.31976 0.304024
5.31928 0.30426
5.31952 0.30426
5.31976 0.30426
5.31928 0.304497
5.31952 0.304497
5.31976 0.304497
5.31928 0.304634
5.31952 0.304634
5.31976 0.304634
5.31928 0.304871
5.31952 0.304871
5.31976 0.304871
5.31928 0.305107
5.31952 0.305107
5.31976 0.305107
5.31891 0.304871
5.31867 0.305245
5.31891 0.305245
5.31915 0.305245
5.31867 0.305481
5.31891 0.305481
5.31915 0.305481
5.31867 0.305717
5.31891 0.305717
5.31915 0.305717
5.31928 0.305245
5.31952 0.305245
5.31976 0.305245
5.31928 0.305481
5.31952 0.305481
5.31976 0.305481
5.31928 0.305717
5.31952 0.305717
5.31976 0.305717
5.31928 0.305855
5.31952 0.305855
5.31976 0.305855
5.31928 0.306091
5.31952 0.306091
5.31976 0.306091
5.31928 0.306328
5.31952 0.306328
5.31976 0.306328
5.31867 0.305855
5.31891 0.305855
5.31915 0.305855
5.31867 0.306091
5.31891 0.306091
5.31915 0.306091
5.31867 0.306328
5.31891 0.306328
5.31915 0.306328
5.31867 0.306465
5.31891 0.306465
5.31915 0.306465
5.31867 0.306702
5.31891 0.306702
5.31915 0.306702
5.31867 0.306938
5.31891 0.306938
5.31915 0.306938
5.31928 0.306465
5.31952 0.306465
5.31976 0.306465
5.31928 0.306702
5.31952 0.306702
5.31976 0.306702
5.31928 0.306938
5.31952 0.306938
5.31976 0.306938
5.31928 0.307076
5.31952 0.307076
5.31976 0.307076
5.31928 0.307312
5.31952 0.307312
5.31976 0.307312
5.31928 0.307548
5.31952 0.307548
5.31976 0.307548
5.31867 0.307076
5.31891 0.307076
5.31915 0.307076
5.31867 0.307312
5.31891 0.307312
5.31915 0.307312
5.31867 0.307548
5.31891 0.307548
5.31915 0.307548
5.31769 0.306702
5.3183 0.306702
5.31806 0.307076
5.3183 0.307076
5.31853 0.307076
5.31806 0.307312
5.3183 0.307312
5.31853 0.307312
5.31806 0.307548
5.3183 0.307548
5.31853 0.307548
5.31769 0.307312
5.31769 0.307922
5.31806 0.307686
5.3183 0.307686
5.31853 0.307686
5.31806 0.307922
5.3183 0.307922
5.31853 0.307922
5.31806 0.308159
5.3183 0.308159
5.31853 0.308159
5.31806 0.308296
5.3183 0.308296
5.31853 0.308296
5.31806 0.308533
5.3183 0.308533
5.31853 0.308533
5.31806 0.308769
5.3183 0.308769
5.31853 0.308769
5.31745 0.308296
5.31769 0.308296
5.31792 0.308296
5.31745 0.308533
5.31769 0.308533
5.31792 0.308533
5.31745 0.308769
5.31769 0.308769
5.31792 0.308769
5.31745 0.308907
5.31769 0.308907
5.31792 0.308907
5.31745 0.309143
5.31769 0.309143
5.31792 0.309143
5.31745 0.309379
5.31769 0.309379
5.31792 0.309379
5.31806 0.308907
5.3183 0.308907
5.31853 0.308907
5.31806 0.309143
5.3183 0.309143
5.31853 0.309143
5.31806 0.309379
5.3183 0.309379
5.31853 0.309379
5.31806 0.309517
5.3183 0.309517
5.31853 0.309517
5.31806 0.309753
5.3183 0.309753
5.31853 0.309753
5.31806 0.30999
5.3183 0.30999
5.31853 0.30999
5.31745 0.309517
5.31769 0.309517
5.31792 0.309517
5.31745 0.309753
5.31769 0.309753
5.31792 0.309753
5.31745 0.30999
5.31769 0.30999
5.31792 0.30999
5.31647 0.309143
5.31708 0.309143
5.31684 0.309517
5.31708 0.309517
5.31731 0.309517
5.31684 0.309753
5.31708 0.309753
5.31731 0.309753
5.31684 0.30999
5.31708 0.30999
5.31731 0.30999
5.31647 0.309753
5.31647 0.310364
5.31684 0.310127
5.31708 0.310127
5.31731 0.310127
5.31684 0.310364
5.31708 0.310364
5.31731 0.310364
5.31684 0.3106
5.31708 0.3106
5.31731 0.3106
5.31684 0.310738
5.31708 0.310738
5.31731 0.310738
5.31684 0.310974
5.31708 0.310974
5.31731 0.310974
5.31684 0.311211
5.31708 0.311211
5.31731 0.311211
5.31623 0.310738
5.31647 0.310738
5.3167 0.310738
5.31623 0.310974
5.31647 0.310974
5.3167 0.310974
5.31623 0.311211
5.31647 0.311211
5.3167 0.311211
5.31623 0.311348
5.31647 0.311348
5.3167 0.311348
5.31623 0.311584
5.31647 0.311584
5.3167 0.311584
5.31623 0.311821
5.31647 0.311821
5.3167 0.311821
5.31684 0.311348
5.31708 0.311348
5.31731 0.311348
5.31684 0.311584
5.31708 0.311584
5.31731 0.311584
5.31684 0.311821
5.31708 0.311821
5.31731 0.311821
5.31684 0.311958
5.31708 0.311958
5.31731 0.311958
5.31684 0.312195
5.31708 0.312195
5.31731 0.312195
5.31684 0.312431
5.31708 0.312431
5.31731 0.312431
5.31623 0.311958
5.31647 0.311958
5.3167 0.311958
5.31623 0.312195
5.31647 0.312195
5.3167 0.312195
5.31623 0.312431
5.31647 0.312431
5.3167 0.312431
5.31525 0.311584
5.31562 0.311348
5.31586 0.311348
5.31609 0.311348
5.31562 0.311584
5.31586 0.311584
5.31609 0.311584
5.31562 0.311821
5.31586 0.311821
5.31609 0.311821
5.31562 0.311958
5.31586 0.311958
5.31609 0.311958
5.31562 0.312195
5.31586 0.312195
5.31609 0.312195
5.31562 0.312431
5.31586 0.312431
5.31609 0.312431
5.31525 0.312195
5.31403 0.312805
5.31464 0.312805
5.3144 0.313179
5.31464 0.313179
5.31487 0.313179
5.3144 0.313416
5.31464 0.313416
5.31487 0.313416
5.3144 0.313652
5.31464 0.313652
5.31487 0.313652
5.31403 0.313416
5.31379 0.313789
5.31403 0.313789
5.31426 0.313789
5.31379 0.314026
5.31403 0.314026
5.31426 0.314026
5.31379 0.314262
5.31403 0.314262
5.31426 0.314262
5.3144 0.313789
5.31464 0.313789
5.31487 0.313789
5.3144 0.314026
5.31464 0.314026
5.31487 0.314026
5.3144 0.314262
5.31464 0.314262
5.31487 0.314262
5.3144 0.3144
5.31464 0.3144
5.31487 0.3144
5.3144 0.314636
5.31464 0.314636
5.31487 0.314636
5.3144 0.314873
5.31464 0.314873
5.31487 0.314873
5.31379 0.3144
5.31403 0.3144
5.31426 0.3144
5.31379 0.314636
5.31403 0.314636
5.31426 0.314636
5.31379 0.314873
5.31403 0.314873
5.31426 0.314873
5.31281 0.314026
5.31342 0.314026
5.31318 0.3144
5.31342 0.3144
5.31365 0.3144
5.31318 0.314636
5.31342 0.314636
5.31365 0.314636
5.31318 0.314873
5.31342 0.314873
5.31365 0.314873
5.31281 0.314636
5.31501 0.312569
5.31525 0.312569
5.31548 0.312569
5.31501 0.312805
5.31525 0.312805
5.31548 0.312805
5.31501 0.313042
5.31525 0.313042
5.31548 0.313042
5.31562 0.312569
5.31586 0.312569
5.31609 0.312569
5.31562 0.312805
5.31586 0.312805
5.31609 0.312805
5.31562 0.313042
5.31586 0.313042
5.31609 0.313042
5.31562 0.313179
5.31586 0.313179
5.31609 0.313179
5.31562 0.313416
5.31586 0.313416
5.31609 0.313416
5.31562 0.313652
5.31586 0.313652
5.31609 0.313652
5.31501 0.313179
5.31525 0.313179
5.31548 0.313179
5.31501 0.313416
5.31525 0.313416
5.31548 0.313416
5.31501 0.313652
5.31525 0.313652
5.31548 0.313652
5.31257 0.31501
5.31281 0.31501
5.31304 0.31501
5.31257 0.315247
5.31281 0.315247
5.31304 0.315247
5.31257 0.315483
5.31281 0.315483
5.31304 0.315483
5.31318 0.31501
5.31342 0.31501
5.31365 0.31501
5.31318 0.315247
5.31342 0.315247
5.31365 0.315247
5.31318 0.315483
5.31342 0.315483
5.31365 0.315483
5.31318 0.315621
5.31342 0.315621
5.31365 0.315621
5.31318 0.315857
5.31342 0.315857
5.31365 0.315857
5.31318 0.316093
5.31342 0.316093
5.31365 0.316093
5.31257 0.315621
5.31281 0.315621
5.31304 0.315621
5.31257 0.315857
5.31281 0.315857
5.31304 0.315857
5.31257 0.316093
5.31281 0.316093
5.31304 0.316093
5.28327 0.312569
5.28351 0.312569
5.28374 0.312569
5.28327 0.312805
5.28351 0.312805
5.28374 0.312805
5.28327 0.313042
5.28351 0.313042
5.28374 0.313042
5.28388 0.312569
5.28412 0.312569
5.28436 0.312569
5.28388 0.312805
5.28412 0.312805
5.28436 0.312805
5.28388 0.313042
5.28412 0.313042
5.28436 0.313042
5.28388 0.313179
5.28412 0.313179
5.28436 0.313179
5.28388 0.313416
5.28412 0.313416
5.28436 0.313416
5.28388 0.313652
5.28412 0.313652
5.28436 0.313652
5.28327 0.313179
5.28351 0.313179
5.28374 0.313179
5.28327 0.313416
5.28351 0.313416
5.28374 0.313416
5.28327 0.313652
5.28351 0.313652
5.28374 0.313652
5.28449 0.312569
5.28473 0.312569
5.28497 0.312569
5.28449 0.312805
5.28473 0.312805
5.28497 0.312805
5.28449 0.313042
5.28473 0.313042
5.28497 0.313042
5.28534 0.312805
5.2851 0.313179
5.28534 0.313179
5.28558 0.313179
5.2851 0.313416
5.28534 0.313416
5.28558 0.313416
5.2851 0.313652
5.28534 0.313652
5.28558 0.313652
5.28449 0.313179
5.28473 0.313179
5.28497 0.313179
5.28449 0.313416
5.28473 0.313416
5.28497 0.313416
5.28449 0.313652
5.28473 0.313652
5.28497 0.313652
5.28449 0.313789
5.28473 0.313789
5.28497 0.313789
5.28449 0.314026
5.28473 0.314026
5.28497 0.314026
5.28449 0.314262
5.28473 0.314262
5.28497 0.314262
5.2851 0.313789
5.28534 0.313789
5.28558 0.313789
5.2851 0.314026
5.28534 0.314026
5.28558 0.314026
5.2851 0.314262
5.28534 0.314262
5.28558 0.314262
5.2851 0.3144
5.28534 0.3144
5.28558 0.3144
5.2851 0.314636
5.28534 0.314636
5.28558 0.314636
5.2851 0.314873
5.28534 0.314873
5.28558 0.314873
5.28449 0.3144
5.28473 0.3144
5.28497 0.3144
5.28449 0.314636
5.28473 0.314636
5.28497 0.314636
5.28449 0.314873
5.28473 0.314873
5.28497 0.314873
5.28571 0.313789
5.28595 0.313789
5.28619 0.313789
5.28571 0.314026
5.28595 0.314026
5.28619 0.314026
5.28571 0.314262
5.28595 0.314262
5.28619 0.314262
5.28656 0.314026
5.28632 0.3144
5.28656 0.3144
5.2868 0.3144
5.28632 0.314636
5.28656 0.314636
5.2868 0.314636
5.28632 0.314873
5.28656 0.314873
5.2868 0.314873
5.28571 0.3144
5.28595 0.3144
5.28619 0.3144
5.28571 0.314636
5.28595 0.314636
5.28619 0.314636
5.28571 0.314873
5.28595 0.314873
5.28619 0.314873
5.28571 0.31501
5.28595 0.31501
5.28619 0.31501
5.28571 0.315247
5.28595 0.315247
5.28619 0.315247
5.28571 0.315483
5.28595 0.315483
5.28619 0.315483
5.28632 0.31501
5.28656 0.31501
5.2868 0.31501
5.28632 0.315247
5.28656 0.315247
5.2868 0.315247
5.28632 0.315483
5.28656 0.315483
5.2868 0.315483
5.28632 0.315621
5.28656 0.315621
5.2868 0.315621
5.28632 0.315857
5.28656 0.315857
5.2868 0.315857
5.28632 0.316093
5.28656 0.316093
5.2868 0.316093
5.28571 0.315621
5.28595 0.315621
5.28619 0.315621
5.28571 0.315857
5.28595 0.315857
5.28619 0.315857
5.28571 0.316093
5.28595 0.316093
5.28619 0.316093
5.28693 0.31501
5.28717 0.31501
5.28741 0.31501
5.28693 0.315247
5.28717 0.315247
5.28741 0.315247
5.28693 0.315483
5.28717 0.315483
5.28741 0.315483
5.28778 0.315247
5.28754 0.315621
5.28778 0.315621
5.28802 0.315621
5.28754 0.315857
5.28778 0.315857
5.28802 0.315857
5.28754 0.316093
5.28778 0.316093
5.28802 0.316093
5.28693 0.315621
5.28717 0.315621
5.28741 0.315621
5.28693 0.315857
5.28717 0.315857
5.28741 0.315857
5.28693 0.316093
5.28717 0.316093
5.28741 0.316093
5.28839 0.315247
5.289 0.315247
5.289 0.315857
5.28815 0.315621
5.28839 0.315621
5.28863 0.315621
5.28815 0.315857
5.28839 0.315857
5.28863 0.315857
5.28815 0.316093
5.28839 0.316093
5.28863 0.316093
5.28961 0.316467
5.29022 0.316467
5.28999 0.316841
5.29022 0.316841
5.29046 0.316841
5.28999 0.317078
5.29022 0.317078
5.29046 0.317078
5.28999 0.317314
5.29022 0.317314
5.29046 0.317314
5.28938 0.316841
5.28961 0.316841
5.28985 0.316841
5.28938 0.317078
5.28961 0.317078
5.28985 0.317078
5.28938 0.317314
5.28961 0.317314
5.28985 0.317314
5.28815 0.316231
5.28839 0.316231
5.28863 0.316231
5.28815 0.316467
5.28839 0.316467
5.28863 0.316467
5.28815 0.316704
5.28839 0.316704
5.28863 0.316704
5.28877 0.316231
5.289 0.316231
5.28924 0.316231
5.28877 0.316467
5.289 0.316467
5.28924 0.316467
5.28877 0.316704
5.289 0.316704
5.28924 0.316704
5.28877 0.316841
5.289 0.316841
5.28924 0.316841
5.28877 0.317078
5.289 0.317078
5.28924 0.317078
5.28877 0.317314
5.289 0.317314
5.28924 0.317314
5.28815 0.316841
5.28839 0.316841
5.28863 0.316841
5.28815 0.317078
5.28839 0.317078
5.28863 0.317078
5.28815 0.317314
5.28839 0.317314
5.28863 0.317314
5.28938 0.317452
5.28961 0.317452
5.28985 0.317452
5.28938 0.317688
5.28961 0.317688
5.28985 0.317688
5.28938 0.317924
5.28961 0.317924
5.28985 0.317924
5.28999 0.317452
5.29022 0.317452
5.29046 0.317452
5.28999 0.317688
5.29022 0.317688
5.29046 0.317688
5.28999 0.317924
5.29022 0.317924
5.29046 0.317924
5.28999 0.318062
5.29022 0.318062
5.29046 0.318062
5.28999 0.318298
5.29022 0.318298
5.29046 0.318298
5.28999 0.318535
5.29022 0.318535
5.29046 0.318535
5.28938 0.318062
5.28961 0.318062
5.28985 0.318062
5.28938 0.318298
5.28961 0.318298
5.28985 0.318298
5.28938 0.318535
5.28961 0.318535
5.28985 0.318535
5.2906 0.317452
5.29083 0.317452
5.29107 0.317452
5.2906 0.317688
5.29083 0.317688
5.29107 0.317688
5.2906 0.317924
5.29083 0.317924
5.29107 0.317924
5.29121 0.317452
5.29144 0.317452
5.29168 0.317452
5.29121 0.317688
5.29144 0.317688
5.29168 0.317688
5.29121 0.317924
5.29144 0.317924
5.29168 0.317924
5.29121 0.318062
5.29144 0.318062
5.29168 0.318062
5.29121 0.318298
5.29144 0.318298
5.29168 0.318298
5.29121 0.318535
5.29144 0.318535
5.29168 0.318535
5.2906 0.318062
5.29083 0.318062
5.29107 0.318062
5.2906 0.318298
5.29083 0.318298
5.29107 0.318298
5.2906 0.318535
5.29083 0.318535
5.29107 0.318535
5.29205 0.317688
5.29266 0.317688
5.29243 0.318062
5.29266 0.318062
5.2929 0.318062
5.29243 0.318298
5.29266 0.318298
5.2929 0.318298
5.29243 0.318535
5.29266 0.318535
5.2929 0.318535
5.29182 0.318062
5.29205 0.318062
5.29229 0.318062
5.29182 0.318298
5.29205 0.318298
5.29229 0.318298
5.29182 0.318535
5.29205 0.318535
5.29229 0.318535
5.29182 0.318672
5.29205 0.318672
5.29229 0.318672
5.29182 0.318909
5.29205 0.318909
5.29229 0.318909
5.29182 0.319145
5.29205 0.319145
5.29229 0.319145
5.29243 0.318672
5.29266 0.318672
5.2929 0.318672
5.29243 0.318909
5.29266 0.318909
5.2929 0.318909
5.29243 0.319145
5.29266 0.319145
5.2929 0.319145
5.29243 0.319283
5.29266 0.319283
5.2929 0.319283
5.29243 0.319519
5.29266 0.319519
5.2929 0.319519
5.29243 0.319755
5.29266 0.319755
5.2929 0.319755
5.29182 0.319283
5.29205 0.319283
5.29229 0.319283
5.29182 0.319519
5.29205 0.319519
5.29229 0.319519
5.29182 0.319755
5.29205 0.319755
5.29229 0.319755
5.30182 0.318909
5.30243 0.318909
5.30219 0.319283
5.30243 0.319283
5.30267 0.319283
5.30219 0.319519
5.30243 0.319519
5.30267 0.319519
5.30219 0.319755
5.30243 0.319755
5.30267 0.319755
5.30182 0.319519
5.30036 0.319893
5.3006 0.319893
5.30083 0.319893
5.30036 0.320129
5.3006 0.320129
5.30083 0.320129
5.30036 0.320366
5.3006 0.320366
5.30083 0.320366
5.30097 0.319893
5.30121 0.319893
5.30144 0.319893
5.30097 0.320129
5.30121 0.320129
5.30144 0.320129
5.30097 0.320366
5.30121 0.320366
5.30144 0.320366
5.30097 0.320503
5.30121 0.320503
5.30144 0.320503
5.30097 0.32074
5.30121 0.32074
5.30144 0.32074
5.30097 0.320976
5.30121 0.320976
5.30144 0.320976
5.30036 0.320503
5.3006 0.320503
5.30083 0.320503
5.30036 0.32074
5.3006 0.32074
5.30083 0.32074
5.30036 0.320976
5.3006 0.320976
5.30083 0.320976
5.30158 0.319893
5.30182 0.319893
5.30206 0.319893
5.30158 0.320129
5.30182 0.320129
5.30206 0.320129
5.30158 0.320366
5.30182 0.320366
5.30206 0.320366
5.30219 0.319893
5.30243 0.319893
5.30267 0.319893
5.30219 0.320129
5.30243 0.320129
5.30267 0.320129
5.30219 0.320366
5.30243 0.320366
5.30267 0.320366
5.30219 0.320503
5.30243 0.320503
5.30267 0.320503
5.30219 0.32074
5.30243 0.32074
5.30267 0.32074
5.30219 0.320976
5.30243 0.320976
5.30267 0.320976
5.30158 0.320503
5.30182 0.320503
5.30206 0.320503
5.30158 0.32074
5.30182 0.32074
5.30206 0.32074
5.30158 0.320976
5.30182 0.320976
5.30206 0.320976
5.29792 0.319893
5.29816 0.319893
5.29839 0.319893
5.29792 0.320129
5.29816 0.320129
5.29839 0.320129
5.29792 0.320366
5.29816 0.320366
5.29839 0.320366
5.29853 0.319893
5.29877 0.319893
5.299 0.319893
5.29853 0.320129
5.29877 0.320129
5.299 0.320129
5.29853 0.320366
5.29877 0.320366
5.299 0.320366
5.29853 0.320503
5.29877 0.320503
5.299 0.320503
5.29853 0.32074
5.29877 0.32074
5.299 0.32074
5.29853 0.320976
5.29877 0.320976
5.299 0.320976
5.29792 0.320503
5.29816 0.320503
5.29839 0.320503
5.29792 0.32074
5.29816 0.32074
5.29839 0.32074
5.29792 0.320976
5.29816 0.320976
5.29839 0.320976
5.29914 0.319893
5.29938 0.319893
5.29961 0.319893
5.29914 0.320129
5.29938 0.320129
5.29961 0.320129
5.29914 0.320366
5.29938 0.320366
5.29961 0.320366
5.29975 0.319893
5.29999 0.319893
5.30022 0.319893
5.29975 0.320129
5.29999 0.320129
5.30022 0.320129
5.29975 0.320366
5.29999 0.320366
5.30022 0.320366
5.29975 0.320503
5.29999 0.320503
5.30022 0.320503
5.29975 0.32074
5.29999 0.32074
5.30022 0.32074
5.29975 0.320976
5.29999 0.320976
5.30022 0.320976
5.29914 0.320503
5.29938 0.320503
5.29961 0.320503
5.29914 0.32074
5.29938 0.32074
5.29961 0.32074
5.29914 0.320976
5.29938 0.320976
5.29961 0.320976
5.29426 0.318672
5.29449 0.318672
5.29473 0.318672
5.29426 0.318909
5.29449 0.318909
5.29473 0.318909
5.29426 0.319145
5.29449 0.319145
5.29473 0.319145
5.2951 0.318909
5.29487 0.319283
5.2951 0.319283
5.29534 0.319283
5.29487 0.319519
5.2951 0.319519
5.29534 0.319519
5.29487 0.319755
5.2951 0.319755
5.29534 0.319755
5.29426 0.319283
5.29449 0.319283
5.29473 0.319283
5.29426 0.319519
5.29449 0.319519
5.29473 0.319519
5.29426 0.319755
5.29449 0.319755
5.29473 0.319755
5.29304 0.318672
5.29327 0.318672
5.29351 0.318672
5.29304 0.318909
5.29327 0.318909
5.29351 0.318909
5.29304 0.319145
5.29327 0.319145
5.29351 0.319145
5.29365 0.318672
5.29388 0.318672
5.29412 0.318672
5.29365 0.318909
5.29388 0.318909
5.29412 0.318909
5.29365 0.319145
5.29388 0.319145
5.29412 0.319145
5.29365 0.319283
5.29388 0.319283
5.29412 0.319283
5.29365 0.319519
5.29388 0.319519
5.29412 0.319519
5.29365 0.319755
5.29388 0.319755
5.29412 0.319755
5.29304 0.319283
5.29327 0.319283
5.29351 0.319283
5.29304 0.319519
5.29327 0.319519
5.29351 0.319519
5.29304 0.319755
5.29327 0.319755
5.29351 0.319755
5.29694 0.318909
5.29755 0.318909
5.29731 0.319283
5.29755 0.319283
5.29778 0.319283
5.29731 0.319519
5.29755 0.319519
5.29778 0.319519
5.29731 0.319755
5.29755 0.319755
5.29778 0.319755
5.2967 0.319283
5.29694 0.319283
5.29717 0.319283
5.2967 0.319519
5.29694 0.319519
5.29717 0.319519
5.2967 0.319755
5.29694 0.319755
5.29717 0.319755
5.29572 0.318909
5.29633 0.318909
5.29609 0.319283
5.29633 0.319283
5.29656 0.319283
5.29609 0.319519
5.29633 0.319519
5.29656 0.319519
5.29609 0.319755
5.29633 0.319755
5.29656 0.319755
5.29548 0.319283
5.29572 0.319283
5.29595 0.319283
5.29548 0.319519
5.29572 0.319519
5.29595 0.319519
5.29548 0.319755
5.29572 0.319755
5.29595 0.319755
5.2967 0.319893
5.29694 0.319893
5.29717 0.319893
5.2967 0.320129
5.29694 0.320129
5.29717 0.320129
5.2967 0.320366
5.29694 0.320366
5.29717 0.320366
5.29731 0.319893
5.29755 0.319893
5.29778 0.319893
5.29731 0.320129
5.29755 0.320129
5.29778 0.320129
5.29731 0.320366
5.29755 0.320366
5.29778 0.320366
5.29731 0.320503
5.29755 0.320503
5.29778 0.320503
5.29731 0.32074
5.29755 0.32074
5.29778 0.32074
5.29731 0.320976
5.29755 0.320976
5.29778 0.320976
5.2967 0.320503
5.29694 0.320503
5.29717 0.320503
5.2967 0.32074
5.29694 0.32074
5.29717 0.32074
5.2967 0.320976
5.29694 0.320976
5.29717 0.320976
5.31158 0.315247
5.31219 0.315247
5.31196 0.315621
5.31219 0.315621
5.31243 0.315621
5.31196 0.315857
5.31219 0.315857
5.31243 0.315857
5.31196 0.316093
5.31219 0.316093
5.31243 0.316093
5.31135 0.315621
5.31158 0.315621
5.31182 0.315621
5.31135 0.315857
5.31158 0.315857
5.31182 0.315857
5.31135 0.316093
5.31158 0.316093
5.31182 0.316093
5.31135 0.316231
5.31158 0.316231
5.31182 0.316231
5.31135 0.316467
5.31158 0.316467
5.31182 0.316467
5.31135 0.316704
5.31158 0.316704
5.31182 0.316704
5.31196 0.316231
5.31219 0.316231
5.31243 0.316231
5.31196 0.316467
5.31219 0.316467
5.31243 0.316467
5.31196 0.316704
5.31219 0.316704
5.31243 0.316704
5.31196 0.316841
5.31219 0.316841
5.31243 0.316841
5.31196 0.317078
5.31219 0.317078
5.31243 0.317078
5.31196 0.317314
5.31219 0.317314
5.31243 0.317314
5.31135 0.316841
5.31158 0.316841
5.31182 0.316841
5.31135 0.317078
5.31158 0.317078
5.31182 0.317078
5.31135 0.317314
5.31158 0.317314
5.31182 0.317314
5.31036 0.316467
5.31074 0.316231
5.31097 0.316231
5.31121 0.316231
5.31074 0.316467
5.31097 0.316467
5.31121 0.316467
5.31074 0.316704
5.31097 0.316704
5.31121 0.316704
5.31074 0.316841
5.31097 0.316841
5.31121 0.316841
5.31074 0.317078
5.31097 0.317078
5.31121 0.317078
5.31074 0.317314
5.31097 0.317314
5.31121 0.317314
5.31013 0.316841
5.31036 0.316841
5.3106 0.316841
5.31013 0.317078
5.31036 0.317078
5.3106 0.317078
5.31013 0.317314
5.31036 0.317314
5.3106 0.317314
5.30914 0.316467
5.30975 0.316467
5.30952 0.316841
5.30975 0.316841
5.30999 0.316841
5.30952 0.317078
5.30975 0.317078
5.30999 0.317078
5.30952 0.317314
5.30975 0.317314
5.30999 0.317314
5.30914 0.317078
5.30792 0.317688
5.3083 0.317452
5.30853 0.317452
5.30877 0.317452
5.3083 0.317688
5.30853 0.317688
5.30877 0.317688
5.3083 0.317924
5.30853 0.317924
5.30877 0.317924
5.3083 0.318062
5.30853 0.318062
5.30877 0.318062
5.3083 0.318298
5.30853 0.318298
5.30877 0.318298
5.3083 0.318535
5.30853 0.318535
5.30877 0.318535
5.30769 0.318062
5.30792 0.318062
5.30816 0.318062
5.30769 0.318298
5.30792 0.318298
5.30816 0.318298
5.30769 0.318535
5.30792 0.318535
5.30816 0.318535
5.30891 0.317452
5.30914 0.317452
5.30938 0.317452
5.30891 0.317688
5.30914 0.317688
5.30938 0.317688
5.30891 0.317924
5.30914 0.317924
5.30938 0.317924
5.30952 0.317452
5.30975 0.317452
5.30999 0.317452
5.30952 0.317688
5.30975 0.317688
5.30999 0.317688
5.30952 0.317924
5.30975 0.317924
5.30999 0.317924
5.30952 0.318062
5.30975 0.318062
5.30999 0.318062
5.30952 0.318298
5.30975 0.318298
5.30999 0.318298
5.30952 0.318535
5.30975 0.318535
5.30999 0.318535
5.30891 0.318062
5.30914 0.318062
5.30938 0.318062
5.30891 0.318298
5.30914 0.318298
5.30938 0.318298
5.30891 0.318535
5.30914 0.318535
5.30938 0.318535
5.30426 0.318909
5.30487 0.318909
5.30463 0.319283
5.30487 0.319283
5.30511 0.319283
5.30463 0.319519
5.30487 0.319519
5.30511 0.319519
5.30463 0.319755
5.30487 0.319755
5.30511 0.319755
5.30402 0.319283
5.30426 0.319283
5.3045 0.319283
5.30402 0.319519
5.30426 0.319519
5.3045 0.319519
5.30402 0.319755
5.30426 0.319755
5.3045 0.319755
5.30304 0.318909
5.30365 0.318909
5.30341 0.319283
5.30365 0.319283
5.30389 0.319283
5.30341 0.319519
5.30365 0.319519
5.30389 0.319519
5.30341 0.319755
5.30365 0.319755
5.30389 0.319755
5.3028 0.319283
5.30304 0.319283
5.30328 0.319283
5.3028 0.319519
5.30304 0.319519
5.30328 0.319519
5.3028 0.319755
5.30304 0.319755
5.30328 0.319755
5.3067 0.317688
5.30731 0.317688
5.30708 0.318062
5.30731 0.318062
5.30755 0.318062
5.30708 0.318298
5.30731 0.318298
5.30755 0.318298
5.30708 0.318535
5.30731 0.318535
5.30755 0.318535
5.3067 0.318298
5.30647 0.318672
5.3067 0.318672
5.30694 0.318672
5.30647 0.318909
5.3067 0.318909
5.30694 0.318909
5.30647 0.319145
5.3067 0.319145
5.30694 0.319145
5.30708 0.318672
5.30731 0.318672
5.30755 0.318672
5.30708 0.318909
5.30731 0.318909
5.30755 0.318909
5.30708 0.319145
5.30731 0.319145
5.30755 0.319145
5.30708 0.319283
5.30731 0.319283
5.30755 0.319283
5.30708 0.319519
5.30731 0.319519
5.30755 0.319519
5.30708 0.319755
5.30731 0.319755
5.30755 0.319755
5.30647 0.319283
5.3067 0.319283
5.30694 0.319283
5.30647 0.319519
5.3067 0.319519
5.30694 0.319519
5.30647 0.319755
5.3067 0.319755
5.30694 0.319755
5.30524 0.318672
5.30548 0.318672
5.30572 0.318672
5.30524 0.318909
5.30548 0.318909
5.30572 0.318909
5.30524 0.319145
5.30548 0.319145
5.30572 0.319145
5.30585 0.318672
5.30609 0.318672
5.30633 0.318672
5.30585 0.318909
5.30609 0.318909
5.30633 0.318909
5.30585 0.319145
5.30609 0.319145
5.30633 0.319145
5.30585 0.319283
5.30609 0.319283
5.30633 0.319283
5.30585 0.319519
5.30609 0.319519
5.30633 0.319519
5.30585 0.319755
5.30609 0.319755
5.30633 0.319755
5.30524 0.319283
5.30548 0.319283
5.30572 0.319283
5.30524 0.319519
5.30548 0.319519
5.30572 0.319519
5.30524 0.319755
5.30548 0.319755
5.30572 0.319755
