5 0
5.15625 0
5.15625 0.15625
5 0.15625
5 0

5.15625 0
5.3125 0
5.3125 0.15625
5.15625 0.15625
5.15625 0

5 0.15625
5.15625 0.15625
5.15625 0.3125
5 0.3125
5 0.15625

5.3125 0
5.46875 0
5.46875 0.15625
5.3125 0.15625
5.3125 0

5.46875 0
5.625 0
5.625 0.15625
5.46875 0.15625
5.46875 0

5.46875 0.15625
5.625 0.15625
5.625 0.3125
5.46875 0.3125
5.46875 0.15625

5.46875 0.3125
5.625 0.3125
5.625 0.46875
5.46875 0.46875
5.46875 0.3125

5.46875 0.46875
5.625 0.46875
5.625 0.625
5.46875 0.625
5.46875 0.46875

5.3125 0.46875
5.46875 0.46875
5.46875 0.625
5.3125 0.625
5.3125 0.46875

5 0.3125
5.15625 0.3125
5.15625 0.46875
5 0.46875
5 0.3125

5.15625 0.46875
5.3125 0.46875
5.3125 0.625
5.15625 0.625
5.15625 0.46875

5 0.46875
5.15625 0.46875
5.15625 0.625
5 0.625
5 0.46875

5.15625 0.15625
5.23438 0.15625
5.23438 0.234375
5.15625 0.234375
5.15625 0.15625

5.23438 0.15625
5.3125 0.15625
5.3125 0.234375
5.23438 0.234375
5.23438 0.15625

5.15625 0.234375
5.23438 0.234375
5.23438 0.3125
5.15625 0.3125
5.15625 0.234375

5.3125 0.15625
5.39062 0.15625
5.39062 0.234375
5.3125 0.234375
5.3125 0.15625

5.39062 0.15625
5.46875 0.15625
5.46875 0.234375
5.39062 0.234375
5.39062 0.15625

5.39062 0.234375
5.46875 0.234375
5.46875 0.3125
5.39062 0.3125
5.39062 0.234375

5.39062 0.3125
5.46875 0.3125
5.46875 0.390625
5.39062 0.390625
5.39062 0.3125

5.39062 0.390625
5.46875 0.390625
5.46875 0.46875
5.39062 0.46875
5.39062 0.390625

5.3125 0.390625
5.39062 0.390625
5.39062 0.46875
5.3125 0.46875
5.3125 0.390625

5.15625 0.3125
5.23438 0.3125
5.23438 0.390625
5.15625 0.390625
5.15625 0.3125

5.23438 0.390625
5.3125 0.390625
5.3125 0.46875
5.23438 0.46875
5.23438 0.390625

5.15625 0.390625
5.23438 0.390625
5.23438 0.46875
5.15625 0.46875
5.15625 0.390625

5.23438 0.234375
5.27344 0.234375
5.27344 0.273438
5.23438 0.273438
5.23438 0.234375

5.27344 0.234375
5.3125 0.234375
5.3125 0.273438
5.27344 0.273438
5.27344 0.234375

5.23438 0.273438
5.27344 0.273438
5.27344 0.3125
5.23438 0.3125
5.23438 0.273438

5.3125 0.234375
5.35156 0.234375
5.35156 0.273438
5.3125 0.273438
5.3125 0.234375

5.35156 0.234375
5.39062 0.234375
5.39062 0.273438
5.35156 0.273438
5.35156 0.234375

5.35156 0.273438
5.39062 0.273438
5.39062 0.3125
5.35156 0.3125
5.35156 0.273438

5.35156 0.3125
5.39062 0.3125
5.39062 0.351562
5.35156 0.351562
5.35156 0.3125

5.35156 0.351562
5.39062 0.351562
5.39062 0.390625
5.35156 0.390625
5.35156 0.351562

5.3125 0.351562
5.35156 0.351562
5.35156 0.390625
5.3125 0.390625
5.3125 0.351562

5.23438 0.3125
5.27344 0.3125
5.27344 0.351562
5.23438 0.351562
5.23438 0.3125

5.27344 0.351562
5.3125 0.351562
5.3125 0.390625
5.27344 0.390625
5.27344 0.351562

5.23438 0.351562
5.27344 0.351562
5.27344 0.390625
5.23438 0.390625
5.23438 0.351562

5.29297 0.292969
5.3125 0.292969
5.3125 0.3125
5.29297 0.3125
5.29297 0.292969

5.33203 0.273438
5.35156 0.273438
5.35156 0.292969
5.33203 0.292969
5.33203 0.273438

5.33203 0.292969
5.35156 0.292969
5.35156 0.3125
5.33203 0.3125
5.33203 0.292969

5.33203 0.3125
5.35156 0.3125
5.35156 0.332031
5.33203 0.332031
5.33203 0.3125

5.33203 0.332031
5.35156 0.332031
5.35156 0.351562
5.33203 0.351562
5.33203 0.332031

5.3125 0.332031
5.33203 0.332031
5.33203 0.351562
5.3125 0.351562
5.3125 0.332031

5.29297 0.332031
5.3125 0.332031
5.3125 0.351562
5.29297 0.351562
5.29297 0.332031

5.27344 0.332031
5.29297 0.332031
5.29297 0.351562
5.27344 0.351562
5.27344 0.332031

5.27344 0.273438
5.2832 0.273438
5.2832 0.283203
5.27344 0.283203
5.27344 0.273438

5.29297 0.283203
5.30273 0.283203
5.30273 0.292969
5.29297 0.292969
5.29297 0.283203

5.2832 0.292969
5.29297 0.292969
5.29297 0.302734
5.2832 0.302734
5.2832 0.292969

5.3125 0.273438
5.32227 0.273438
5.32227 0.283203
5.3125 0.283203
5.3125 0.273438

5.32227 0.273438
5.33203 0.273438
5.33203 0.283203
5.32227 0.283203
5.32227 0.273438

5.32227 0.283203
5.33203 0.283203
5.33203 0.292969
5.32227 0.292969
5.32227 0.283203

5.32227 0.292969
5.33203 0.292969
5.33203 0.302734
5.32227 0.302734
5.32227 0.292969

5.32227 0.302734
5.33203 0.302734
5.33203 0.3125
5.32227 0.3125
5.32227 0.302734

5.32227 0.3125
5.33203 0.3125
5.33203 0.322266
5.32227 0.322266
5.32227 0.3125

5.32227 0.322266
5.33203 0.322266
5.33203 0.332031
5.32227 0.332031
5.32227 0.322266

5.3125 0.322266
5.32227 0.322266
5.32227 0.332031
5.3125 0.332031
5.3125 0.322266

5.27344 0.3125
5.2832 0.3125
5.2832 0.322266
5.27344 0.322266
5.27344 0.3125

5.2832 0.322266
5.29297 0.322266
5.29297 0.332031
5.2832 0.332031
5.2832 0.322266

5.27344 0.322266
5.2832 0.322266
5.2832 0.332031
5.27344 0.332031
5.27344 0.322266

5.30273 0.322266
5.3125 0.322266
5.3125 0.332031
5.30273 0.332031
5.30273 0.322266

5.29297 0.322266
5.30273 0.322266
5.30273 0.332031
5.29297 0.332031
5.29297 0.322266

5.2832 0.273438
5.28809 0.273438
5.28809 0.27832
5.2832 0.27832
5.2832 0.273438

5.28809 0.273438
5.29297 0.273438
5.29297 0.27832
5.28809 0.27832
5.28809 0.273438

5.2832 0.27832
5.28809 0.27832
5.28809 0.283203
5.2832 0.283203
5.2832 0.27832

5.28809 0.288086
5.29297 0.288086
5.29297 0.292969
5.28809 0.292969
5.28809 0.288086

5.27344 0.283203
5.27832 0.283203
5.27832 0.288086
5.27344 0.288086
5.27344 0.283203

5.27832 0.283203
5.2832 0.283203
5.2832 0.288086
5.27832 0.288086
5.27832 0.283203

5.27344 0.288086
5.27832 0.288086
5.27832 0.292969
5.27344 0.292969
5.27344 0.288086

5.29297 0.273438
5.29785 0.273438
5.29785 0.27832
5.29297 0.27832
5.29297 0.273438

5.29785 0.273438
5.30273 0.273438
5.30273 0.27832
5.29785 0.27832
5.29785 0.273438

5.30273 0.273438
5.30762 0.273438
5.30762 0.27832
5.30273 0.27832
5.30273 0.273438

5.30762 0.273438
5.3125 0.273438
5.3125 0.27832
5.30762 0.27832
5.30762 0.273438

5.30273 0.283203
5.30762 0.283203
5.30762 0.288086
5.30273 0.288086
5.30273 0.283203

5.30762 0.288086
5.3125 0.288086
5.3125 0.292969
5.30762 0.292969
5.30762 0.288086

5.30273 0.288086
5.30762 0.288086
5.30762 0.292969
5.30273 0.292969
5.30273 0.288086

5.27344 0.292969
5.27832 0.292969
5.27832 0.297852
5.27344 0.297852
5.27344 0.292969

5.27344 0.297852
5.27832 0.297852
5.27832 0.302734
5.27344 0.302734
5.27344 0.297852

5.2832 0.302734
5.28809 0.302734
5.28809 0.307617
5.2832 0.307617
5.2832 0.302734

5.28809 0.302734
5.29297 0.302734
5.29297 0.307617
5.28809 0.307617
5.28809 0.302734

5.28809 0.307617
5.29297 0.307617
5.29297 0.3125
5.28809 0.3125
5.28809 0.307617

5.27344 0.302734
5.27832 0.302734
5.27832 0.307617
5.27344 0.307617
5.27344 0.302734

5.27344 0.307617
5.27832 0.307617
5.27832 0.3125
5.27344 0.3125
5.27344 0.307617

5.31738 0.283203
5.32227 0.283203
5.32227 0.288086
5.31738 0.288086
5.31738 0.283203

5.3125 0.292969
5.31738 0.292969
5.31738 0.297852
5.3125 0.297852
5.3125 0.292969

5.3125 0.297852
5.31738 0.297852
5.31738 0.302734
5.3125 0.302734
5.3125 0.297852

5.3125 0.302734
5.31738 0.302734
5.31738 0.307617
5.3125 0.307617
5.3125 0.302734

5.31738 0.3125
5.32227 0.3125
5.32227 0.317383
5.31738 0.317383
5.31738 0.3125

5.31738 0.317383
5.32227 0.317383
5.32227 0.322266
5.31738 0.322266
5.31738 0.317383

5.3125 0.317383
5.31738 0.317383
5.31738 0.322266
5.3125 0.322266
5.3125 0.317383

5.2832 0.317383
5.28809 0.317383
5.28809 0.322266
5.2832 0.322266
5.2832 0.317383

5.29297 0.3125
5.29785 0.3125
5.29785 0.317383
5.29297 0.317383
5.29297 0.3125

5.29785 0.3125
5.30273 0.3125
5.30273 0.317383
5.29785 0.317383
5.29785 0.3125

5.30273 0.3125
5.30762 0.3125
5.30762 0.317383
5.30273 0.317383
5.30273 0.3125

5.28809 0.27832
5.29053 0.27832
5.29053 0.280762
5.28809 0.280762
5.28809 0.27832

5.29053 0.27832
5.29297 0.27832
5.29297 0.280762
5.29053 0.280762
5.29053 0.27832

5.2832 0.283203
5.28564 0.283203
5.28564 0.285645
5.2832 0.285645
5.2832 0.283203

5.29053 0.283203
5.29297 0.283203
5.29297 0.285645
5.29053 0.285645
5.29053 0.283203

5.29053 0.285645
5.29297 0.285645
5.29297 0.288086
5.29053 0.288086
5.29053 0.285645

5.28809 0.285645
5.29053 0.285645
5.29053 0.288086
5.28809 0.288086
5.28809 0.285645

5.28564 0.288086
5.28809 0.288086
5.28809 0.290527
5.28564 0.290527
5.28564 0.288086

5.28564 0.290527
5.28809 0.290527
5.28809 0.292969
5.28564 0.292969
5.28564 0.290527

5.2832 0.290527
5.28564 0.290527
5.28564 0.292969
5.2832 0.292969
5.2832 0.290527

5.27832 0.288086
5.28076 0.288086
5.28076 0.290527
5.27832 0.290527
5.27832 0.288086

5.27832 0.290527
5.28076 0.290527
5.28076 0.292969
5.27832 0.292969
5.27832 0.290527

5.30029 0.280762
5.30273 0.280762
5.30273 0.283203
5.30029 0.283203
5.30029 0.280762

5.29785 0.280762
5.30029 0.280762
5.30029 0.283203
5.29785 0.283203
5.29785 0.280762

5.29541 0.280762
5.29785 0.280762
5.29785 0.283203
5.29541 0.283203
5.29541 0.280762

5.30762 0.27832
5.31006 0.27832
5.31006 0.280762
5.30762 0.280762
5.30762 0.27832

5.31006 0.27832
5.3125 0.27832
5.3125 0.280762
5.31006 0.280762
5.31006 0.27832

5.30273 0.280762
5.30518 0.280762
5.30518 0.283203
5.30273 0.283203
5.30273 0.280762

5.30762 0.283203
5.31006 0.283203
5.31006 0.285645
5.30762 0.285645
5.30762 0.283203

5.31006 0.285645
5.3125 0.285645
5.3125 0.288086
5.31006 0.288086
5.31006 0.285645

5.30762 0.285645
5.31006 0.285645
5.31006 0.288086
5.30762 0.288086
5.30762 0.285645

5.28076 0.29541
5.2832 0.29541
5.2832 0.297852
5.28076 0.297852
5.28076 0.29541

5.28076 0.297852
5.2832 0.297852
5.2832 0.300293
5.28076 0.300293
5.28076 0.297852

5.28076 0.300293
5.2832 0.300293
5.2832 0.302734
5.28076 0.302734
5.28076 0.300293

5.2832 0.307617
5.28564 0.307617
5.28564 0.310059
5.2832 0.310059
5.2832 0.307617

5.28564 0.307617
5.28809 0.307617
5.28809 0.310059
5.28564 0.310059
5.28564 0.307617

5.28564 0.310059
5.28809 0.310059
5.28809 0.3125
5.28564 0.3125
5.28564 0.310059

5.28076 0.302734
5.2832 0.302734
5.2832 0.305176
5.28076 0.305176
5.28076 0.302734

5.27832 0.307617
5.28076 0.307617
5.28076 0.310059
5.27832 0.310059
5.27832 0.307617

5.27832 0.310059
5.28076 0.310059
5.28076 0.3125
5.27832 0.3125
5.27832 0.310059

5.31494 0.283203
5.31738 0.283203
5.31738 0.285645
5.31494 0.285645
5.31494 0.283203

5.31982 0.288086
5.32227 0.288086
5.32227 0.290527
5.31982 0.290527
5.31982 0.288086

5.31982 0.290527
5.32227 0.290527
5.32227 0.292969
5.31982 0.292969
5.31982 0.290527

5.3125 0.288086
5.31494 0.288086
5.31494 0.290527
5.3125 0.290527
5.3125 0.288086

5.31494 0.290527
5.31738 0.290527
5.31738 0.292969
5.31494 0.292969
5.31494 0.290527

5.3125 0.290527
5.31494 0.290527
5.31494 0.292969
5.3125 0.292969
5.3125 0.290527

5.31982 0.292969
5.32227 0.292969
5.32227 0.29541
5.31982 0.29541
5.31982 0.292969

5.31738 0.297852
5.31982 0.297852
5.31982 0.300293
5.31738 0.300293
5.31738 0.297852

5.31982 0.302734
5.32227 0.302734
5.32227 0.305176
5.31982 0.305176
5.31982 0.302734

5.31982 0.305176
5.32227 0.305176
5.32227 0.307617
5.31982 0.307617
5.31982 0.305176

5.31982 0.307617
5.32227 0.307617
5.32227 0.310059
5.31982 0.310059
5.31982 0.307617

5.31982 0.310059
5.32227 0.310059
5.32227 0.3125
5.31982 0.3125
5.31982 0.310059

5.31738 0.310059
5.31982 0.310059
5.31982 0.3125
5.31738 0.3125
5.31738 0.310059

5.3125 0.307617
5.31494 0.307617
5.31494 0.310059
5.3125 0.310059
5.3125 0.307617

5.3125 0.310059
5.31494 0.310059
5.31494 0.3125
5.3125 0.3125
5.3125 0.310059

5.31494 0.314941
5.31738 0.314941
5.31738 0.317383
5.31494 0.317383
5.31494 0.314941

5.2832 0.314941
5.28564 0.314941
5.28564 0.317383
5.2832 0.317383
5.2832 0.314941

5.28809 0.3125
5.29053 0.3125
5.29053 0.314941
5.28809 0.314941
5.28809 0.3125

5.29053 0.3125
5.29297 0.3125
5.29297 0.314941
5.29053 0.314941
5.29053 0.3125

5.29053 0.314941
5.29297 0.314941
5.29297 0.317383
5.29053 0.317383
5.29053 0.314941

5.29053 0.319824
5.29297 0.319824
5.29297 0.322266
5.29053 0.322266
5.29053 0.319824

5.28809 0.319824
5.29053 0.319824
5.29053 0.322266
5.28809 0.322266
5.28809 0.319824

5.29785 0.317383
5.30029 0.317383
5.30029 0.319824
5.29785 0.319824
5.29785 0.317383

5.29297 0.319824
5.29541 0.319824
5.29541 0.322266
5.29297 0.322266
5.29297 0.319824

5.30762 0.3125
5.31006 0.3125
5.31006 0.314941
5.30762 0.314941
5.30762 0.3125

5.31006 0.3125
5.3125 0.3125
5.3125 0.314941
5.31006 0.314941
5.31006 0.3125

5.31006 0.317383
5.3125 0.317383
5.3125 0.319824
5.31006 0.319824
5.31006 0.317383

5.31006 0.319824
5.3125 0.319824
5.3125 0.322266
5.31006 0.322266
5.31006 0.319824

5.30762 0.319824
5.31006 0.319824
5.31006 0.322266
5.30762 0.322266
5.30762 0.319824

5.30518 0.319824
5.30762 0.319824
5.30762 0.322266
5.30518 0.322266
5.30518 0.319824

5.30273 0.319824
5.30518 0.319824
5.30518 0.322266
5.30273 0.322266
5.30273 0.319824

5.29175 0.281982
5.29297 0.281982
5.29297 0.283203
5.29175 0.283203
5.29175 0.281982

5.28809 0.280762
5.28931 0.280762
5.28931 0.281982
5.28809 0.281982
5.28809 0.280762

5.28931 0.280762
5.29053 0.280762
5.29053 0.281982
5.28931 0.281982
5.28931 0.280762

5.28564 0.283203
5.28687 0.283203
5.28687 0.284424
5.28564 0.284424
5.28564 0.283203

5.28687 0.285645
5.28809 0.285645
5.28809 0.286865
5.28687 0.286865
5.28687 0.285645

5.28687 0.286865
5.28809 0.286865
5.28809 0.288086
5.28687 0.288086
5.28687 0.286865

5.28564 0.286865
5.28687 0.286865
5.28687 0.288086
5.28564 0.288086
5.28564 0.286865

5.2832 0.285645
5.28442 0.285645
5.28442 0.286865
5.2832 0.286865
5.2832 0.285645

5.28931 0.283203
5.29053 0.283203
5.29053 0.284424
5.28931 0.284424
5.28931 0.283203

5.28931 0.284424
5.29053 0.284424
5.29053 0.285645
5.28931 0.285645
5.28931 0.284424

5.28809 0.284424
5.28931 0.284424
5.28931 0.285645
5.28809 0.285645
5.28809 0.284424

5.28442 0.288086
5.28564 0.288086
5.28564 0.289307
5.28442 0.289307
5.28442 0.288086

5.28442 0.289307
5.28564 0.289307
5.28564 0.290527
5.28442 0.290527
5.28442 0.289307

5.2832 0.289307
5.28442 0.289307
5.28442 0.290527
5.2832 0.290527
5.2832 0.289307

5.28076 0.288086
5.28198 0.288086
5.28198 0.289307
5.28076 0.289307
5.28076 0.288086

5.28076 0.289307
5.28198 0.289307
5.28198 0.290527
5.28076 0.290527
5.28076 0.289307

5.28198 0.291748
5.2832 0.291748
5.2832 0.292969
5.28198 0.292969
5.28198 0.291748

5.29785 0.27832
5.29907 0.27832
5.29907 0.279541
5.29785 0.279541
5.29785 0.27832

5.29907 0.27832
5.30029 0.27832
5.30029 0.279541
5.29907 0.279541
5.29907 0.27832

5.30029 0.27832
5.30151 0.27832
5.30151 0.279541
5.30029 0.279541
5.30029 0.27832

5.30151 0.27832
5.30273 0.27832
5.30273 0.279541
5.30151 0.279541
5.30151 0.27832

5.29297 0.27832
5.29419 0.27832
5.29419 0.279541
5.29297 0.279541
5.29297 0.27832

5.29419 0.27832
5.29541 0.27832
5.29541 0.279541
5.29419 0.279541
5.29419 0.27832

5.29297 0.279541
5.29419 0.279541
5.29419 0.280762
5.29297 0.280762
5.29297 0.279541

5.29541 0.27832
5.29663 0.27832
5.29663 0.279541
5.29541 0.279541
5.29541 0.27832

5.29663 0.27832
5.29785 0.27832
5.29785 0.279541
5.29663 0.279541
5.29663 0.27832

5.29419 0.281982
5.29541 0.281982
5.29541 0.283203
5.29419 0.283203
5.29419 0.281982

5.29297 0.281982
5.29419 0.281982
5.29419 0.283203
5.29297 0.283203
5.29297 0.281982

5.31006 0.280762
5.31128 0.280762
5.31128 0.281982
5.31006 0.281982
5.31006 0.280762

5.31128 0.280762
5.3125 0.280762
5.3125 0.281982
5.31128 0.281982
5.31128 0.280762

5.31128 0.281982
5.3125 0.281982
5.3125 0.283203
5.31128 0.283203
5.31128 0.281982

5.30884 0.280762
5.31006 0.280762
5.31006 0.281982
5.30884 0.281982
5.30884 0.280762

5.30273 0.27832
5.30396 0.27832
5.30396 0.279541
5.30273 0.279541
5.30273 0.27832

5.30396 0.27832
5.30518 0.27832
5.30518 0.279541
5.30396 0.279541
5.30396 0.27832

5.30518 0.27832
5.3064 0.27832
5.3064 0.279541
5.30518 0.279541
5.30518 0.27832

5.3064 0.27832
5.30762 0.27832
5.30762 0.279541
5.3064 0.279541
5.3064 0.27832

5.3064 0.279541
5.30762 0.279541
5.30762 0.280762
5.3064 0.280762
5.3064 0.279541

5.3064 0.281982
5.30762 0.281982
5.30762 0.283203
5.3064 0.283203
5.3064 0.281982

5.30518 0.281982
5.3064 0.281982
5.3064 0.283203
5.30518 0.283203
5.30518 0.281982

5.31128 0.284424
5.3125 0.284424
5.3125 0.285645
5.31128 0.285645
5.31128 0.284424

5.31006 0.284424
5.31128 0.284424
5.31128 0.285645
5.31006 0.285645
5.31006 0.284424

5.27832 0.292969
5.27954 0.292969
5.27954 0.294189
5.27832 0.294189
5.27832 0.292969

5.27954 0.292969
5.28076 0.292969
5.28076 0.294189
5.27954 0.294189
5.27954 0.292969

5.27832 0.294189
5.27954 0.294189
5.27954 0.29541
5.27832 0.29541
5.27832 0.294189

5.28198 0.292969
5.2832 0.292969
5.2832 0.294189
5.28198 0.294189
5.28198 0.292969

5.28198 0.294189
5.2832 0.294189
5.2832 0.29541
5.28198 0.29541
5.28198 0.294189

5.27832 0.29541
5.27954 0.29541
5.27954 0.296631
5.27832 0.296631
5.27832 0.29541

5.27832 0.296631
5.27954 0.296631
5.27954 0.297852
5.27832 0.297852
5.27832 0.296631

5.27832 0.297852
5.27954 0.297852
5.27954 0.299072
5.27832 0.299072
5.27832 0.297852

5.27832 0.299072
5.27954 0.299072
5.27954 0.300293
5.27832 0.300293
5.27832 0.299072

5.27832 0.300293
5.27954 0.300293
5.27954 0.301514
5.27832 0.301514
5.27832 0.300293

5.27832 0.301514
5.27954 0.301514
5.27954 0.302734
5.27832 0.302734
5.27832 0.301514

5.28442 0.310059
5.28564 0.310059
5.28564 0.311279
5.28442 0.311279
5.28442 0.310059

5.28442 0.311279
5.28564 0.311279
5.28564 0.3125
5.28442 0.3125
5.28442 0.311279

5.27832 0.302734
5.27954 0.302734
5.27954 0.303955
5.27832 0.303955
5.27832 0.302734

5.27832 0.303955
5.27954 0.303955
5.27954 0.305176
5.27832 0.305176
5.27832 0.303955

5.28198 0.305176
5.2832 0.305176
5.2832 0.306396
5.28198 0.306396
5.28198 0.305176

5.28198 0.306396
5.2832 0.306396
5.2832 0.307617
5.28198 0.307617
5.28198 0.306396

5.27832 0.305176
5.27954 0.305176
5.27954 0.306396
5.27832 0.306396
5.27832 0.305176

5.27954 0.306396
5.28076 0.306396
5.28076 0.307617
5.27954 0.307617
5.27954 0.306396

5.27832 0.306396
5.27954 0.306396
5.27954 0.307617
5.27832 0.307617
5.27832 0.306396

5.28076 0.308838
5.28198 0.308838
5.28198 0.310059
5.28076 0.310059
5.28076 0.308838

5.28076 0.310059
5.28198 0.310059
5.28198 0.311279
5.28076 0.311279
5.28076 0.310059

5.28198 0.311279
5.2832 0.311279
5.2832 0.3125
5.28198 0.3125
5.28198 0.311279

5.28076 0.311279
5.28198 0.311279
5.28198 0.3125
5.28076 0.3125
5.28076 0.311279

5.31372 0.283203
5.31494 0.283203
5.31494 0.284424
5.31372 0.284424
5.31372 0.283203

5.31616 0.285645
5.31738 0.285645
5.31738 0.286865
5.31616 0.286865
5.31616 0.285645

5.31616 0.286865
5.31738 0.286865
5.31738 0.288086
5.31616 0.288086
5.31616 0.286865

5.3125 0.285645
5.31372 0.285645
5.31372 0.286865
5.3125 0.286865
5.3125 0.285645

5.31372 0.286865
5.31494 0.286865
5.31494 0.288086
5.31372 0.288086
5.31372 0.286865

5.3125 0.286865
5.31372 0.286865
5.31372 0.288086
5.3125 0.288086
5.3125 0.286865

5.31738 0.288086
5.3186 0.288086
5.3186 0.289307
5.31738 0.289307
5.31738 0.288086

5.3186 0.288086
5.31982 0.288086
5.31982 0.289307
5.3186 0.289307
5.3186 0.288086

5.3186 0.289307
5.31982 0.289307
5.31982 0.290527
5.3186 0.290527
5.3186 0.289307

5.3186 0.290527
5.31982 0.290527
5.31982 0.291748
5.3186 0.291748
5.3186 0.290527

5.31494 0.289307
5.31616 0.289307
5.31616 0.290527
5.31494 0.290527
5.31494 0.289307

5.31738 0.292969
5.3186 0.292969
5.3186 0.294189
5.31738 0.294189
5.31738 0.292969

5.31738 0.294189
5.3186 0.294189
5.3186 0.29541
5.31738 0.29541
5.31738 0.294189

5.31982 0.29541
5.32104 0.29541
5.32104 0.296631
5.31982 0.296631
5.31982 0.29541

5.32104 0.29541
5.32227 0.29541
5.32227 0.296631
5.32104 0.296631
5.32104 0.29541

5.32104 0.296631
5.32227 0.296631
5.32227 0.297852
5.32104 0.297852
5.32104 0.296631

5.31738 0.29541
5.3186 0.29541
5.3186 0.296631
5.31738 0.296631
5.31738 0.29541

5.31738 0.296631
5.3186 0.296631
5.3186 0.297852
5.31738 0.297852
5.31738 0.296631

5.32104 0.297852
5.32227 0.297852
5.32227 0.299072
5.32104 0.299072
5.32104 0.297852

5.32104 0.299072
5.32227 0.299072
5.32227 0.300293
5.32104 0.300293
5.32104 0.299072

5.32104 0.300293
5.32227 0.300293
5.32227 0.301514
5.32104 0.301514
5.32104 0.300293

5.32104 0.301514
5.32227 0.301514
5.32227 0.302734
5.32104 0.302734
5.32104 0.301514

5.31738 0.300293
5.3186 0.300293
5.3186 0.301514
5.31738 0.301514
5.31738 0.300293

5.3186 0.300293
5.31982 0.300293
5.31982 0.301514
5.3186 0.301514
5.3186 0.300293

5.31738 0.301514
5.3186 0.301514
5.3186 0.302734
5.31738 0.302734
5.31738 0.301514

5.31738 0.302734
5.3186 0.302734
5.3186 0.303955
5.31738 0.303955
5.31738 0.302734

5.31738 0.303955
5.3186 0.303955
5.3186 0.305176
5.31738 0.305176
5.31738 0.303955

5.31738 0.305176
5.3186 0.305176
5.3186 0.306396
5.31738 0.306396
5.31738 0.305176

5.3186 0.307617
5.31982 0.307617
5.31982 0.308838
5.3186 0.308838
5.3186 0.307617

5.3186 0.308838
5.31982 0.308838
5.31982 0.310059
5.3186 0.310059
5.3186 0.308838

5.31494 0.307617
5.31616 0.307617
5.31616 0.308838
5.31494 0.308838
5.31494 0.307617

5.31616 0.307617
5.31738 0.307617
5.31738 0.308838
5.31616 0.308838
5.31616 0.307617

5.31494 0.308838
5.31616 0.308838
5.31616 0.310059
5.31494 0.310059
5.31494 0.308838

5.31494 0.310059
5.31616 0.310059
5.31616 0.311279
5.31494 0.311279
5.31494 0.310059

5.3125 0.3125
5.31372 0.3125
5.31372 0.313721
5.3125 0.313721
5.3125 0.3125

5.31616 0.3125
5.31738 0.3125
5.31738 0.313721
5.31616 0.313721
5.31616 0.3125

5.31616 0.313721
5.31738 0.313721
5.31738 0.314941
5.31616 0.314941
5.31616 0.313721

5.31494 0.313721
5.31616 0.313721
5.31616 0.314941
5.31494 0.314941
5.31494 0.313721

5.31372 0.314941
5.31494 0.314941
5.31494 0.316162
5.31372 0.316162
5.31372 0.314941

5.31372 0.316162
5.31494 0.316162
5.31494 0.317383
5.31372 0.317383
5.31372 0.316162

5.3125 0.316162
5.31372 0.316162
5.31372 0.317383
5.3125 0.317383
5.3125 0.316162

5.2832 0.313721
5.28442 0.313721
5.28442 0.314941
5.2832 0.314941
5.2832 0.313721

5.28564 0.3125
5.28687 0.3125
5.28687 0.313721
5.28564 0.313721
5.28564 0.3125

5.28687 0.3125
5.28809 0.3125
5.28809 0.313721
5.28687 0.313721
5.28687 0.3125

5.28687 0.313721
5.28809 0.313721
5.28809 0.314941
5.28687 0.314941
5.28687 0.313721

5.28687 0.316162
5.28809 0.316162
5.28809 0.317383
5.28687 0.317383
5.28687 0.316162

5.28564 0.316162
5.28687 0.316162
5.28687 0.317383
5.28564 0.317383
5.28564 0.316162

5.28931 0.314941
5.29053 0.314941
5.29053 0.316162
5.28931 0.316162
5.28931 0.314941

5.28809 0.317383
5.28931 0.317383
5.28931 0.318604
5.28809 0.318604
5.28809 0.317383

5.28931 0.318604
5.29053 0.318604
5.29053 0.319824
5.28931 0.319824
5.28931 0.318604

5.28809 0.318604
5.28931 0.318604
5.28931 0.319824
5.28809 0.319824
5.28809 0.318604

5.29053 0.318604
5.29175 0.318604
5.29175 0.319824
5.29053 0.319824
5.29053 0.318604

5.30029 0.317383
5.30151 0.317383
5.30151 0.318604
5.30029 0.318604
5.30029 0.317383

5.30151 0.317383
5.30273 0.317383
5.30273 0.318604
5.30151 0.318604
5.30151 0.317383

5.30029 0.318604
5.30151 0.318604
5.30151 0.319824
5.30029 0.319824
5.30029 0.318604

5.30151 0.321045
5.30273 0.321045
5.30273 0.322266
5.30151 0.322266
5.30151 0.321045

5.30029 0.321045
5.30151 0.321045
5.30151 0.322266
5.30029 0.322266
5.30029 0.321045

5.29907 0.321045
5.30029 0.321045
5.30029 0.322266
5.29907 0.322266
5.29907 0.321045

5.29785 0.321045
5.29907 0.321045
5.29907 0.322266
5.29785 0.322266
5.29785 0.321045

5.29297 0.317383
5.29419 0.317383
5.29419 0.318604
5.29297 0.318604
5.29297 0.317383

5.29419 0.317383
5.29541 0.317383
5.29541 0.318604
5.29419 0.318604
5.29419 0.317383

5.29541 0.317383
5.29663 0.317383
5.29663 0.318604
5.29541 0.318604
5.29541 0.317383

5.29663 0.317383
5.29785 0.317383
5.29785 0.318604
5.29663 0.318604
5.29663 0.317383

5.29541 0.319824
5.29663 0.319824
5.29663 0.321045
5.29541 0.321045
5.29541 0.319824

5.29663 0.321045
5.29785 0.321045
5.29785 0.322266
5.29663 0.322266
5.29663 0.321045

5.29541 0.321045
5.29663 0.321045
5.29663 0.322266
5.29541 0.322266
5.29541 0.321045

5.31006 0.314941
5.31128 0.314941
5.31128 0.316162
5.31006 0.316162
5.31006 0.314941

5.30762 0.314941
5.30884 0.314941
5.30884 0.316162
5.30762 0.316162
5.30762 0.314941

5.30884 0.314941
5.31006 0.314941
5.31006 0.316162
5.30884 0.316162
5.30884 0.314941

5.30762 0.316162
5.30884 0.316162
5.30884 0.317383
5.30762 0.317383
5.30762 0.316162

5.30884 0.318604
5.31006 0.318604
5.31006 0.319824
5.30884 0.319824
5.30884 0.318604

5.30762 0.318604
5.30884 0.318604
5.30884 0.319824
5.30762 0.319824
5.30762 0.318604

5.30273 0.317383
5.30396 0.317383
5.30396 0.318604
5.30273 0.318604
5.30273 0.317383

5.30396 0.317383
5.30518 0.317383
5.30518 0.318604
5.30396 0.318604
5.30396 0.317383

5.30518 0.317383
5.3064 0.317383
5.3064 0.318604
5.30518 0.318604
5.30518 0.317383

5.29053 0.280762
5.29114 0.280762
5.29114 0.281372
5.29053 0.281372
5.29053 0.280762

5.29114 0.280762
5.29175 0.280762
5.29175 0.281372
5.29114 0.281372
5.29114 0.280762

5.29114 0.281372
5.29175 0.281372
5.29175 0.281982
5.29114 0.281982
5.29114 0.281372

5.29053 0.281372
5.29114 0.281372
5.29114 0.281982
5.29053 0.281982
5.29053 0.281372

5.29175 0.280762
5.29236 0.280762
5.29236 0.281372
5.29175 0.281372
5.29175 0.280762

5.29236 0.280762
5.29297 0.280762
5.29297 0.281372
5.29236 0.281372
5.29236 0.280762

5.29236 0.281372
5.29297 0.281372
5.29297 0.281982
5.29236 0.281982
5.29236 0.281372

5.29175 0.281372
5.29236 0.281372
5.29236 0.281982
5.29175 0.281982
5.29175 0.281372

5.29053 0.281982
5.29114 0.281982
5.29114 0.282593
5.29053 0.282593
5.29053 0.281982

5.29114 0.281982
5.29175 0.281982
5.29175 0.282593
5.29114 0.282593
5.29114 0.281982

5.29114 0.282593
5.29175 0.282593
5.29175 0.283203
5.29114 0.283203
5.29114 0.282593

5.29053 0.282593
5.29114 0.282593
5.29114 0.283203
5.29053 0.283203
5.29053 0.282593

5.28931 0.281982
5.28992 0.281982
5.28992 0.282593
5.28931 0.282593
5.28931 0.281982

5.28992 0.281982
5.29053 0.281982
5.29053 0.282593
5.28992 0.282593
5.28992 0.281982

5.28992 0.282593
5.29053 0.282593
5.29053 0.283203
5.28992 0.283203
5.28992 0.282593

5.28931 0.282593
5.28992 0.282593
5.28992 0.283203
5.28931 0.283203
5.28931 0.282593

5.28809 0.281982
5.2887 0.281982
5.2887 0.282593
5.28809 0.282593
5.28809 0.281982

5.2887 0.281982
5.28931 0.281982
5.28931 0.282593
5.2887 0.282593
5.2887 0.281982

5.2887 0.282593
5.28931 0.282593
5.28931 0.283203
5.2887 0.283203
5.2887 0.282593

5.28809 0.282593
5.2887 0.282593
5.2887 0.283203
5.28809 0.283203
5.28809 0.282593

5.28687 0.283203
5.28748 0.283203
5.28748 0.283813
5.28687 0.283813
5.28687 0.283203

5.28748 0.283203
5.28809 0.283203
5.28809 0.283813
5.28748 0.283813
5.28748 0.283203

5.28748 0.283813
5.28809 0.283813
5.28809 0.284424
5.28748 0.284424
5.28748 0.283813

5.28687 0.283813
5.28748 0.283813
5.28748 0.284424
5.28687 0.284424
5.28687 0.283813

5.28687 0.284424
5.28748 0.284424
5.28748 0.285034
5.28687 0.285034
5.28687 0.284424

5.28748 0.284424
5.28809 0.284424
5.28809 0.285034
5.28748 0.285034
5.28748 0.284424

5.28748 0.285034
5.28809 0.285034
5.28809 0.285645
5.28748 0.285645
5.28748 0.285034

5.28687 0.285034
5.28748 0.285034
5.28748 0.285645
5.28687 0.285645
5.28687 0.285034

5.28564 0.284424
5.28625 0.284424
5.28625 0.285034
5.28564 0.285034
5.28564 0.284424

5.28625 0.284424
5.28687 0.284424
5.28687 0.285034
5.28625 0.285034
5.28625 0.284424

5.28625 0.285034
5.28687 0.285034
5.28687 0.285645
5.28625 0.285645
5.28625 0.285034

5.28564 0.285034
5.28625 0.285034
5.28625 0.285645
5.28564 0.285645
5.28564 0.285034

5.28564 0.285645
5.28625 0.285645
5.28625 0.286255
5.28564 0.286255
5.28564 0.285645

5.28625 0.285645
5.28687 0.285645
5.28687 0.286255
5.28625 0.286255
5.28625 0.285645

5.28625 0.286255
5.28687 0.286255
5.28687 0.286865
5.28625 0.286865
5.28625 0.286255

5.28564 0.286255
5.28625 0.286255
5.28625 0.286865
5.28564 0.286865
5.28564 0.286255

5.28442 0.285645
5.28503 0.285645
5.28503 0.286255
5.28442 0.286255
5.28442 0.285645

5.28503 0.285645
5.28564 0.285645
5.28564 0.286255
5.28503 0.286255
5.28503 0.285645

5.28503 0.286255
5.28564 0.286255
5.28564 0.286865
5.28503 0.286865
5.28503 0.286255

5.28442 0.286255
5.28503 0.286255
5.28503 0.286865
5.28442 0.286865
5.28442 0.286255

5.28442 0.286865
5.28503 0.286865
5.28503 0.287476
5.28442 0.287476
5.28442 0.286865

5.28503 0.286865
5.28564 0.286865
5.28564 0.287476
5.28503 0.287476
5.28503 0.286865

5.28503 0.287476
5.28564 0.287476
5.28564 0.288086
5.28503 0.288086
5.28503 0.287476

5.28442 0.287476
5.28503 0.287476
5.28503 0.288086
5.28442 0.288086
5.28442 0.287476

5.2832 0.286865
5.28381 0.286865
5.28381 0.287476
5.2832 0.287476
5.2832 0.286865

5.28381 0.286865
5.28442 0.286865
5.28442 0.287476
5.28381 0.287476
5.28381 0.286865

5.28381 0.287476
5.28442 0.287476
5.28442 0.288086
5.28381 0.288086
5.28381 0.287476

5.2832 0.287476
5.28381 0.287476
5.28381 0.288086
5.2832 0.288086
5.2832 0.287476

5.28809 0.283203
5.2887 0.283203
5.2887 0.283813
5.28809 0.283813
5.28809 0.283203

5.2887 0.283203
5.28931 0.283203
5.28931 0.283813
5.2887 0.283813
5.2887 0.283203

5.2887 0.283813
5.28931 0.283813
5.28931 0.284424
5.2887 0.284424
5.2887 0.283813

5.28809 0.283813
5.2887 0.283813
5.2887 0.284424
5.28809 0.284424
5.28809 0.283813

5.2832 0.288086
5.28381 0.288086
5.28381 0.288696
5.2832 0.288696
5.2832 0.288086

5.28381 0.288086
5.28442 0.288086
5.28442 0.288696
5.28381 0.288696
5.28381 0.288086

5.28381 0.288696
5.28442 0.288696
5.28442 0.289307
5.28381 0.289307
5.28381 0.288696

5.2832 0.288696
5.28381 0.288696
5.28381 0.289307
5.2832 0.289307
5.2832 0.288696

5.28198 0.288086
5.28259 0.288086
5.28259 0.288696
5.28198 0.288696
5.28198 0.288086

5.28259 0.288086
5.2832 0.288086
5.2832 0.288696
5.28259 0.288696
5.28259 0.288086

5.28259 0.288696
5.2832 0.288696
5.2832 0.289307
5.28259 0.289307
5.28259 0.288696

5.28198 0.288696
5.28259 0.288696
5.28259 0.289307
5.28198 0.289307
5.28198 0.288696

5.28198 0.289307
5.28259 0.289307
5.28259 0.289917
5.28198 0.289917
5.28198 0.289307

5.28259 0.289307
5.2832 0.289307
5.2832 0.289917
5.28259 0.289917
5.28259 0.289307

5.28259 0.289917
5.2832 0.289917
5.2832 0.290527
5.28259 0.290527
5.28259 0.289917

5.28198 0.289917
5.28259 0.289917
5.28259 0.290527
5.28198 0.290527
5.28198 0.289917

5.28076 0.290527
5.28137 0.290527
5.28137 0.291138
5.28076 0.291138
5.28076 0.290527

5.28137 0.290527
5.28198 0.290527
5.28198 0.291138
5.28137 0.291138
5.28137 0.290527

5.28137 0.291138
5.28198 0.291138
5.28198 0.291748
5.28137 0.291748
5.28137 0.291138

5.28076 0.291138
5.28137 0.291138
5.28137 0.291748
5.28076 0.291748
5.28076 0.291138

5.28198 0.290527
5.28259 0.290527
5.28259 0.291138
5.28198 0.291138
5.28198 0.290527

5.28259 0.290527
5.2832 0.290527
5.2832 0.291138
5.28259 0.291138
5.28259 0.290527

5.28259 0.291138
5.2832 0.291138
5.2832 0.291748
5.28259 0.291748
5.28259 0.291138

5.28198 0.291138
5.28259 0.291138
5.28259 0.291748
5.28198 0.291748
5.28198 0.291138

5.28076 0.291748
5.28137 0.291748
5.28137 0.292358
5.28076 0.292358
5.28076 0.291748

5.28137 0.291748
5.28198 0.291748
5.28198 0.292358
5.28137 0.292358
5.28137 0.291748

5.28137 0.292358
5.28198 0.292358
5.28198 0.292969
5.28137 0.292969
5.28137 0.292358

5.28076 0.292358
5.28137 0.292358
5.28137 0.292969
5.28076 0.292969
5.28076 0.292358

5.29907 0.279541
5.29968 0.279541
5.29968 0.280151
5.29907 0.280151
5.29907 0.279541

5.29968 0.279541
5.30029 0.279541
5.30029 0.280151
5.29968 0.280151
5.29968 0.279541

5.29968 0.280151
5.30029 0.280151
5.30029 0.280762
5.29968 0.280762
5.29968 0.280151

5.29907 0.280151
5.29968 0.280151
5.29968 0.280762
5.29907 0.280762
5.29907 0.280151

5.29785 0.279541
5.29846 0.279541
5.29846 0.280151
5.29785 0.280151
5.29785 0.279541

5.29846 0.279541
5.29907 0.279541
5.29907 0.280151
5.29846 0.280151
5.29846 0.279541

5.29846 0.280151
5.29907 0.280151
5.29907 0.280762
5.29846 0.280762
5.29846 0.280151

5.29785 0.280151
5.29846 0.280151
5.29846 0.280762
5.29785 0.280762
5.29785 0.280151

5.30151 0.279541
5.30212 0.279541
5.30212 0.280151
5.30151 0.280151
5.30151 0.279541

5.30212 0.279541
5.30273 0.279541
5.30273 0.280151
5.30212 0.280151
5.30212 0.279541

5.30212 0.280151
5.30273 0.280151
5.30273 0.280762
5.30212 0.280762
5.30212 0.280151

5.30151 0.280151
5.30212 0.280151
5.30212 0.280762
5.30151 0.280762
5.30151 0.280151

5.30029 0.279541
5.3009 0.279541
5.3009 0.280151
5.30029 0.280151
5.30029 0.279541

5.3009 0.279541
5.30151 0.279541
5.30151 0.280151
5.3009 0.280151
5.3009 0.279541

5.3009 0.280151
5.30151 0.280151
5.30151 0.280762
5.3009 0.280762
5.3009 0.280151

5.30029 0.280151
5.3009 0.280151
5.3009 0.280762
5.30029 0.280762
5.30029 0.280151

5.29419 0.279541
5.2948 0.279541
5.2948 0.280151
5.29419 0.280151
5.29419 0.279541

5.2948 0.279541
5.29541 0.279541
5.29541 0.280151
5.2948 0.280151
5.2948 0.279541

5.2948 0.280151
5.29541 0.280151
5.29541 0.280762
5.2948 0.280762
5.2948 0.280151

5.29419 0.280151
5.2948 0.280151
5.2948 0.280762
5.29419 0.280762
5.29419 0.280151

5.29663 0.279541
5.29724 0.279541
5.29724 0.280151
5.29663 0.280151
5.29663 0.279541

5.29724 0.279541
5.29785 0.279541
5.29785 0.280151
5.29724 0.280151
5.29724 0.279541

5.29724 0.280151
5.29785 0.280151
5.29785 0.280762
5.29724 0.280762
5.29724 0.280151

5.29663 0.280151
5.29724 0.280151
5.29724 0.280762
5.29663 0.280762
5.29663 0.280151

5.29541 0.279541
5.29602 0.279541
5.29602 0.280151
5.29541 0.280151
5.29541 0.279541

5.29602 0.279541
5.29663 0.279541
5.29663 0.280151
5.29602 0.280151
5.29602 0.279541

5.29602 0.280151
5.29663 0.280151
5.29663 0.280762
5.29602 0.280762
5.29602 0.280151

5.29541 0.280151
5.29602 0.280151
5.29602 0.280762
5.29541 0.280762
5.29541 0.280151

5.29297 0.280762
5.29358 0.280762
5.29358 0.281372
5.29297 0.281372
5.29297 0.280762

5.29358 0.280762
5.29419 0.280762
5.29419 0.281372
5.29358 0.281372
5.29358 0.280762

5.29358 0.281372
5.29419 0.281372
5.29419 0.281982
5.29358 0.281982
5.29358 0.281372

5.29297 0.281372
5.29358 0.281372
5.29358 0.281982
5.29297 0.281982
5.29297 0.281372

5.29419 0.280762
5.2948 0.280762
5.2948 0.281372
5.29419 0.281372
5.29419 0.280762

5.2948 0.280762
5.29541 0.280762
5.29541 0.281372
5.2948 0.281372
5.2948 0.280762

5.2948 0.281372
5.29541 0.281372
5.29541 0.281982
5.2948 0.281982
5.2948 0.281372

5.29419 0.281372
5.2948 0.281372
5.2948 0.281982
5.29419 0.281982
5.29419 0.281372

5.31006 0.281982
5.31067 0.281982
5.31067 0.282593
5.31006 0.282593
5.31006 0.281982

5.31067 0.281982
5.31128 0.281982
5.31128 0.282593
5.31067 0.282593
5.31067 0.281982

5.31067 0.282593
5.31128 0.282593
5.31128 0.283203
5.31067 0.283203
5.31067 0.282593

5.31006 0.282593
5.31067 0.282593
5.31067 0.283203
5.31006 0.283203
5.31006 0.282593

5.30762 0.280762
5.30823 0.280762
5.30823 0.281372
5.30762 0.281372
5.30762 0.280762

5.30823 0.280762
5.30884 0.280762
5.30884 0.281372
5.30823 0.281372
5.30823 0.280762

5.30823 0.281372
5.30884 0.281372
5.30884 0.281982
5.30823 0.281982
5.30823 0.281372

5.30762 0.281372
5.30823 0.281372
5.30823 0.281982
5.30762 0.281982
5.30762 0.281372

5.30884 0.281982
5.30945 0.281982
5.30945 0.282593
5.30884 0.282593
5.30884 0.281982

5.30945 0.281982
5.31006 0.281982
5.31006 0.282593
5.30945 0.282593
5.30945 0.281982

5.30945 0.282593
5.31006 0.282593
5.31006 0.283203
5.30945 0.283203
5.30945 0.282593

5.30884 0.282593
5.30945 0.282593
5.30945 0.283203
5.30884 0.283203
5.30884 0.282593

5.30762 0.281982
5.30823 0.281982
5.30823 0.282593
5.30762 0.282593
5.30762 0.281982

5.30823 0.281982
5.30884 0.281982
5.30884 0.282593
5.30823 0.282593
5.30823 0.281982

5.30823 0.282593
5.30884 0.282593
5.30884 0.283203
5.30823 0.283203
5.30823 0.282593

5.30762 0.282593
5.30823 0.282593
5.30823 0.283203
5.30762 0.283203
5.30762 0.282593

5.30396 0.279541
5.30457 0.279541
5.30457 0.280151
5.30396 0.280151
5.30396 0.279541

5.30457 0.279541
5.30518 0.279541
5.30518 0.280151
5.30457 0.280151
5.30457 0.279541

5.30457 0.280151
5.30518 0.280151
5.30518 0.280762
5.30457 0.280762
5.30457 0.280151

5.30396 0.280151
5.30457 0.280151
5.30457 0.280762
5.30396 0.280762
5.30396 0.280151

5.30273 0.279541
5.30334 0.279541
5.30334 0.280151
5.30273 0.280151
5.30273 0.279541

5.30334 0.279541
5.30396 0.279541
5.30396 0.280151
5.30334 0.280151
5.30334 0.279541

5.30334 0.280151
5.30396 0.280151
5.30396 0.280762
5.30334 0.280762
5.30334 0.280151

5.30273 0.280151
5.30334 0.280151
5.30334 0.280762
5.30273 0.280762
5.30273 0.280151

5.30518 0.279541
5.30579 0.279541
5.30579 0.280151
5.30518 0.280151
5.30518 0.279541

5.30579 0.279541
5.3064 0.279541
5.3064 0.280151
5.30579 0.280151
5.30579 0.279541

5.30579 0.280151
5.3064 0.280151
5.3064 0.280762
5.30579 0.280762
5.30579 0.280151

5.30518 0.280151
5.30579 0.280151
5.30579 0.280762
5.30518 0.280762
5.30518 0.280151

5.30518 0.280762
5.30579 0.280762
5.30579 0.281372
5.30518 0.281372
5.30518 0.280762

5.30579 0.280762
5.3064 0.280762
5.3064 0.281372
5.30579 0.281372
5.30579 0.280762

5.30579 0.281372
5.3064 0.281372
5.3064 0.281982
5.30579 0.281982
5.30579 0.281372

5.30518 0.281372
5.30579 0.281372
5.30579 0.281982
5.30518 0.281982
5.30518 0.281372

5.3064 0.280762
5.30701 0.280762
5.30701 0.281372
5.3064 0.281372
5.3064 0.280762

5.30701 0.280762
5.30762 0.280762
5.30762 0.281372
5.30701 0.281372
5.30701 0.280762

5.30701 0.281372
5.30762 0.281372
5.30762 0.281982
5.30701 0.281982
5.30701 0.281372

5.3064 0.281372
5.30701 0.281372
5.30701 0.281982
5.3064 0.281982
5.3064 0.281372

5.31006 0.283203
5.31067 0.283203
5.31067 0.283813
5.31006 0.283813
5.31006 0.283203

5.31067 0.283203
5.31128 0.283203
5.31128 0.283813
5.31067 0.283813
5.31067 0.283203

5.31067 0.283813
5.31128 0.283813
5.31128 0.284424
5.31067 0.284424
5.31067 0.283813

5.31006 0.283813
5.31067 0.283813
5.31067 0.284424
5.31006 0.284424
5.31006 0.283813

5.31128 0.283203
5.31189 0.283203
5.31189 0.283813
5.31128 0.283813
5.31128 0.283203

5.31189 0.283203
5.3125 0.283203
5.3125 0.283813
5.31189 0.283813
5.31189 0.283203

5.31189 0.283813
5.3125 0.283813
5.3125 0.284424
5.31189 0.284424
5.31189 0.283813

5.31128 0.283813
5.31189 0.283813
5.31189 0.284424
5.31128 0.284424
5.31128 0.283813

5.27954 0.294189
5.28015 0.294189
5.28015 0.2948
5.27954 0.2948
5.27954 0.294189

5.28015 0.294189
5.28076 0.294189
5.28076 0.2948
5.28015 0.2948
5.28015 0.294189

5.28015 0.2948
5.28076 0.2948
5.28076 0.29541
5.28015 0.29541
5.28015 0.2948

5.27954 0.2948
5.28015 0.2948
5.28015 0.29541
5.27954 0.29541
5.27954 0.2948

5.28076 0.292969
5.28137 0.292969
5.28137 0.293579
5.28076 0.293579
5.28076 0.292969

5.28137 0.292969
5.28198 0.292969
5.28198 0.293579
5.28137 0.293579
5.28137 0.292969

5.28137 0.293579
5.28198 0.293579
5.28198 0.294189
5.28137 0.294189
5.28137 0.293579

5.28076 0.293579
5.28137 0.293579
5.28137 0.294189
5.28076 0.294189
5.28076 0.293579

5.28076 0.294189
5.28137 0.294189
5.28137 0.2948
5.28076 0.2948
5.28076 0.294189

5.28137 0.294189
5.28198 0.294189
5.28198 0.2948
5.28137 0.2948
5.28137 0.294189

5.28137 0.2948
5.28198 0.2948
5.28198 0.29541
5.28137 0.29541
5.28137 0.2948

5.28076 0.2948
5.28137 0.2948
5.28137 0.29541
5.28076 0.29541
5.28076 0.2948

5.27954 0.29541
5.28015 0.29541
5.28015 0.296021
5.27954 0.296021
5.27954 0.29541

5.28015 0.29541
5.28076 0.29541
5.28076 0.296021
5.28015 0.296021
5.28015 0.29541

5.28015 0.296021
5.28076 0.296021
5.28076 0.296631
5.28015 0.296631
5.28015 0.296021

5.27954 0.296021
5.28015 0.296021
5.28015 0.296631
5.27954 0.296631
5.27954 0.296021

5.27954 0.296631
5.28015 0.296631
5.28015 0.297241
5.27954 0.297241
5.27954 0.296631

5.28015 0.296631
5.28076 0.296631
5.28076 0.297241
5.28015 0.297241
5.28015 0.296631

5.28015 0.297241
5.28076 0.297241
5.28076 0.297852
5.28015 0.297852
5.28015 0.297241

5.27954 0.297241
5.28015 0.297241
5.28015 0.297852
5.27954 0.297852
5.27954 0.297241

5.27954 0.297852
5.28015 0.297852
5.28015 0.298462
5.27954 0.298462
5.27954 0.297852

5.28015 0.297852
5.28076 0.297852
5.28076 0.298462
5.28015 0.298462
5.28015 0.297852

5.28015 0.298462
5.28076 0.298462
5.28076 0.299072
5.28015 0.299072
5.28015 0.298462

5.27954 0.298462
5.28015 0.298462
5.28015 0.299072
5.27954 0.299072
5.27954 0.298462

5.27954 0.299072
5.28015 0.299072
5.28015 0.299683
5.27954 0.299683
5.27954 0.299072

5.28015 0.299072
5.28076 0.299072
5.28076 0.299683
5.28015 0.299683
5.28015 0.299072

5.28015 0.299683
5.28076 0.299683
5.28076 0.300293
5.28015 0.300293
5.28015 0.299683

5.27954 0.299683
5.28015 0.299683
5.28015 0.300293
5.27954 0.300293
5.27954 0.299683

5.27954 0.300293
5.28015 0.300293
5.28015 0.300903
5.27954 0.300903
5.27954 0.300293

5.28015 0.300293
5.28076 0.300293
5.28076 0.300903
5.28015 0.300903
5.28015 0.300293

5.28015 0.300903
5.28076 0.300903
5.28076 0.301514
5.28015 0.301514
5.28015 0.300903

5.27954 0.300903
5.28015 0.300903
5.28015 0.301514
5.27954 0.301514
5.27954 0.300903

5.27954 0.301514
5.28015 0.301514
5.28015 0.302124
5.27954 0.302124
5.27954 0.301514

5.28015 0.301514
5.28076 0.301514
5.28076 0.302124
5.28015 0.302124
5.28015 0.301514

5.28015 0.302124
5.28076 0.302124
5.28076 0.302734
5.28015 0.302734
5.28015 0.302124

5.27954 0.302124
5.28015 0.302124
5.28015 0.302734
5.27954 0.302734
5.27954 0.302124

5.2832 0.310059
5.28381 0.310059
5.28381 0.310669
5.2832 0.310669
5.2832 0.310059

5.28381 0.310059
5.28442 0.310059
5.28442 0.310669
5.28381 0.310669
5.28381 0.310059

5.28381 0.310669
5.28442 0.310669
5.28442 0.311279
5.28381 0.311279
5.28381 0.310669

5.2832 0.310669
5.28381 0.310669
5.28381 0.311279
5.2832 0.311279
5.2832 0.310669

5.2832 0.311279
5.28381 0.311279
5.28381 0.31189
5.2832 0.31189
5.2832 0.311279

5.28381 0.311279
5.28442 0.311279
5.28442 0.31189
5.28381 0.31189
5.28381 0.311279

5.28381 0.31189
5.28442 0.31189
5.28442 0.3125
5.28381 0.3125
5.28381 0.31189

5.2832 0.31189
5.28381 0.31189
5.28381 0.3125
5.2832 0.3125
5.2832 0.31189

5.27954 0.302734
5.28015 0.302734
5.28015 0.303345
5.27954 0.303345
5.27954 0.302734

5.28015 0.302734
5.28076 0.302734
5.28076 0.303345
5.28015 0.303345
5.28015 0.302734

5.28015 0.303345
5.28076 0.303345
5.28076 0.303955
5.28015 0.303955
5.28015 0.303345

5.27954 0.303345
5.28015 0.303345
5.28015 0.303955
5.27954 0.303955
5.27954 0.303345

5.27954 0.303955
5.28015 0.303955
5.28015 0.304565
5.27954 0.304565
5.27954 0.303955

5.28015 0.303955
5.28076 0.303955
5.28076 0.304565
5.28015 0.304565
5.28015 0.303955

5.28015 0.304565
5.28076 0.304565
5.28076 0.305176
5.28015 0.305176
5.28015 0.304565

5.27954 0.304565
5.28015 0.304565
5.28015 0.305176
5.27954 0.305176
5.27954 0.304565

5.28076 0.305176
5.28137 0.305176
5.28137 0.305786
5.28076 0.305786
5.28076 0.305176

5.28137 0.305176
5.28198 0.305176
5.28198 0.305786
5.28137 0.305786
5.28137 0.305176

5.28137 0.305786
5.28198 0.305786
5.28198 0.306396
5.28137 0.306396
5.28137 0.305786

5.28076 0.305786
5.28137 0.305786
5.28137 0.306396
5.28076 0.306396
5.28076 0.305786

5.28076 0.306396
5.28137 0.306396
5.28137 0.307007
5.28076 0.307007
5.28076 0.306396

5.28137 0.306396
5.28198 0.306396
5.28198 0.307007
5.28137 0.307007
5.28137 0.306396

5.28137 0.307007
5.28198 0.307007
5.28198 0.307617
5.28137 0.307617
5.28137 0.307007

5.28076 0.307007
5.28137 0.307007
5.28137 0.307617
5.28076 0.307617
5.28076 0.307007

5.27954 0.305176
5.28015 0.305176
5.28015 0.305786
5.27954 0.305786
5.27954 0.305176

5.28015 0.305176
5.28076 0.305176
5.28076 0.305786
5.28015 0.305786
5.28015 0.305176

5.28015 0.305786
5.28076 0.305786
5.28076 0.306396
5.28015 0.306396
5.28015 0.305786

5.27954 0.305786
5.28015 0.305786
5.28015 0.306396
5.27954 0.306396
5.27954 0.305786

5.28076 0.307617
5.28137 0.307617
5.28137 0.308228
5.28076 0.308228
5.28076 0.307617

5.28137 0.307617
5.28198 0.307617
5.28198 0.308228
5.28137 0.308228
5.28137 0.307617

5.28137 0.308228
5.28198 0.308228
5.28198 0.308838
5.28137 0.308838
5.28137 0.308228

5.28076 0.308228
5.28137 0.308228
5.28137 0.308838
5.28076 0.308838
5.28076 0.308228

5.28198 0.307617
5.28259 0.307617
5.28259 0.308228
5.28198 0.308228
5.28198 0.307617

5.28259 0.307617
5.2832 0.307617
5.2832 0.308228
5.28259 0.308228
5.28259 0.307617

5.28259 0.308228
5.2832 0.308228
5.2832 0.308838
5.28259 0.308838
5.28259 0.308228

5.28198 0.308228
5.28259 0.308228
5.28259 0.308838
5.28198 0.308838
5.28198 0.308228

5.28198 0.308838
5.28259 0.308838
5.28259 0.309448
5.28198 0.309448
5.28198 0.308838

5.28259 0.308838
5.2832 0.308838
5.2832 0.309448
5.28259 0.309448
5.28259 0.308838

5.28259 0.309448
5.2832 0.309448
5.2832 0.310059
5.28259 0.310059
5.28259 0.309448

5.28198 0.309448
5.28259 0.309448
5.28259 0.310059
5.28198 0.310059
5.28198 0.309448

5.28198 0.310059
5.28259 0.310059
5.28259 0.310669
5.28198 0.310669
5.28198 0.310059

5.28259 0.310059
5.2832 0.310059
5.2832 0.310669
5.28259 0.310669
5.28259 0.310059

5.28259 0.310669
5.2832 0.310669
5.2832 0.311279
5.28259 0.311279
5.28259 0.310669

5.28198 0.310669
5.28259 0.310669
5.28259 0.311279
5.28198 0.311279
5.28198 0.310669

5.3125 0.283203
5.31311 0.283203
5.31311 0.283813
5.3125 0.283813
5.3125 0.283203

5.31311 0.283203
5.31372 0.283203
5.31372 0.283813
5.31311 0.283813
5.31311 0.283203

5.31311 0.283813
5.31372 0.283813
5.31372 0.284424
5.31311 0.284424
5.31311 0.283813

5.3125 0.283813
5.31311 0.283813
5.31311 0.284424
5.3125 0.284424
5.3125 0.283813

5.31372 0.284424
5.31433 0.284424
5.31433 0.285034
5.31372 0.285034
5.31372 0.284424

5.31433 0.284424
5.31494 0.284424
5.31494 0.285034
5.31433 0.285034
5.31433 0.284424

5.31433 0.285034
5.31494 0.285034
5.31494 0.285645
5.31433 0.285645
5.31433 0.285034

5.31372 0.285034
5.31433 0.285034
5.31433 0.285645
5.31372 0.285645
5.31372 0.285034

5.3125 0.284424
5.31311 0.284424
5.31311 0.285034
5.3125 0.285034
5.3125 0.284424

5.31311 0.284424
5.31372 0.284424
5.31372 0.285034
5.31311 0.285034
5.31311 0.284424

5.31311 0.285034
5.31372 0.285034
5.31372 0.285645
5.31311 0.285645
5.31311 0.285034

5.3125 0.285034
5.31311 0.285034
5.31311 0.285645
5.3125 0.285645
5.3125 0.285034

5.31494 0.285645
5.31555 0.285645
5.31555 0.286255
5.31494 0.286255
5.31494 0.285645

5.31555 0.285645
5.31616 0.285645
5.31616 0.286255
5.31555 0.286255
5.31555 0.285645

5.31555 0.286255
5.31616 0.286255
5.31616 0.286865
5.31555 0.286865
5.31555 0.286255

5.31494 0.286255
5.31555 0.286255
5.31555 0.286865
5.31494 0.286865
5.31494 0.286255

5.31494 0.286865
5.31555 0.286865
5.31555 0.287476
5.31494 0.287476
5.31494 0.286865

5.31555 0.286865
5.31616 0.286865
5.31616 0.287476
5.31555 0.287476
5.31555 0.286865

5.31555 0.287476
5.31616 0.287476
5.31616 0.288086
5.31555 0.288086
5.31555 0.287476

5.31494 0.287476
5.31555 0.287476
5.31555 0.288086
5.31494 0.288086
5.31494 0.287476

5.31372 0.285645
5.31433 0.285645
5.31433 0.286255
5.31372 0.286255
5.31372 0.285645

5.31433 0.285645
5.31494 0.285645
5.31494 0.286255
5.31433 0.286255
5.31433 0.285645

5.31433 0.286255
5.31494 0.286255
5.31494 0.286865
5.31433 0.286865
5.31433 0.286255

5.31372 0.286255
5.31433 0.286255
5.31433 0.286865
5.31372 0.286865
5.31372 0.286255

5.31738 0.289307
5.31799 0.289307
5.31799 0.289917
5.31738 0.289917
5.31738 0.289307

5.31799 0.289307
5.3186 0.289307
5.3186 0.289917
5.31799 0.289917
5.31799 0.289307

5.31799 0.289917
5.3186 0.289917
5.3186 0.290527
5.31799 0.290527
5.31799 0.289917

5.31738 0.289917
5.31799 0.289917
5.31799 0.290527
5.31738 0.290527
5.31738 0.289917

5.31738 0.290527
5.31799 0.290527
5.31799 0.291138
5.31738 0.291138
5.31738 0.290527

5.31799 0.290527
5.3186 0.290527
5.3186 0.291138
5.31799 0.291138
5.31799 0.290527

5.31799 0.291138
5.3186 0.291138
5.3186 0.291748
5.31799 0.291748
5.31799 0.291138

5.31738 0.291138
5.31799 0.291138
5.31799 0.291748
5.31738 0.291748
5.31738 0.291138

5.3186 0.291748
5.31921 0.291748
5.31921 0.292358
5.3186 0.292358
5.3186 0.291748

5.31921 0.291748
5.31982 0.291748
5.31982 0.292358
5.31921 0.292358
5.31921 0.291748

5.31921 0.292358
5.31982 0.292358
5.31982 0.292969
5.31921 0.292969
5.31921 0.292358

5.3186 0.292358
5.31921 0.292358
5.31921 0.292969
5.3186 0.292969
5.3186 0.292358

5.31738 0.291748
5.31799 0.291748
5.31799 0.292358
5.31738 0.292358
5.31738 0.291748

5.31799 0.291748
5.3186 0.291748
5.3186 0.292358
5.31799 0.292358
5.31799 0.291748

5.31799 0.292358
5.3186 0.292358
5.3186 0.292969
5.31799 0.292969
5.31799 0.292358

5.31738 0.292358
5.31799 0.292358
5.31799 0.292969
5.31738 0.292969
5.31738 0.292358

5.31494 0.288086
5.31555 0.288086
5.31555 0.288696
5.31494 0.288696
5.31494 0.288086

5.31555 0.288086
5.31616 0.288086
5.31616 0.288696
5.31555 0.288696
5.31555 0.288086

5.31555 0.288696
5.31616 0.288696
5.31616 0.289307
5.31555 0.289307
5.31555 0.288696

5.31494 0.288696
5.31555 0.288696
5.31555 0.289307
5.31494 0.289307
5.31494 0.288696

5.31616 0.288086
5.31677 0.288086
5.31677 0.288696
5.31616 0.288696
5.31616 0.288086

5.31677 0.288086
5.31738 0.288086
5.31738 0.288696
5.31677 0.288696
5.31677 0.288086

5.31677 0.288696
5.31738 0.288696
5.31738 0.289307
5.31677 0.289307
5.31677 0.288696

5.31616 0.288696
5.31677 0.288696
5.31677 0.289307
5.31616 0.289307
5.31616 0.288696

5.31616 0.289307
5.31677 0.289307
5.31677 0.289917
5.31616 0.289917
5.31616 0.289307

5.31677 0.289307
5.31738 0.289307
5.31738 0.289917
5.31677 0.289917
5.31677 0.289307

5.31677 0.289917
5.31738 0.289917
5.31738 0.290527
5.31677 0.290527
5.31677 0.289917

5.31616 0.289917
5.31677 0.289917
5.31677 0.290527
5.31616 0.290527
5.31616 0.289917

5.3186 0.292969
5.31921 0.292969
5.31921 0.293579
5.3186 0.293579
5.3186 0.292969

5.31921 0.292969
5.31982 0.292969
5.31982 0.293579
5.31921 0.293579
5.31921 0.292969

5.31921 0.293579
5.31982 0.293579
5.31982 0.294189
5.31921 0.294189
5.31921 0.293579

5.3186 0.293579
5.31921 0.293579
5.31921 0.294189
5.3186 0.294189
5.3186 0.293579

5.3186 0.294189
5.31921 0.294189
5.31921 0.2948
5.3186 0.2948
5.3186 0.294189

5.31921 0.294189
5.31982 0.294189
5.31982 0.2948
5.31921 0.2948
5.31921 0.294189

5.31921 0.2948
5.31982 0.2948
5.31982 0.29541
5.31921 0.29541
5.31921 0.2948

5.3186 0.2948
5.31921 0.2948
5.31921 0.29541
5.3186 0.29541
5.3186 0.2948

5.31982 0.296631
5.32043 0.296631
5.32043 0.297241
5.31982 0.297241
5.31982 0.296631

5.32043 0.296631
5.32104 0.296631
5.32104 0.297241
5.32043 0.297241
5.32043 0.296631

5.32043 0.297241
5.32104 0.297241
5.32104 0.297852
5.32043 0.297852
5.32043 0.297241

5.31982 0.297241
5.32043 0.297241
5.32043 0.297852
5.31982 0.297852
5.31982 0.297241

5.3186 0.29541
5.31921 0.29541
5.31921 0.296021
5.3186 0.296021
5.3186 0.29541

5.31921 0.29541
5.31982 0.29541
5.31982 0.296021
5.31921 0.296021
5.31921 0.29541

5.31921 0.296021
5.31982 0.296021
5.31982 0.296631
5.31921 0.296631
5.31921 0.296021

5.3186 0.296021
5.31921 0.296021
5.31921 0.296631
5.3186 0.296631
5.3186 0.296021

5.3186 0.296631
5.31921 0.296631
5.31921 0.297241
5.3186 0.297241
5.3186 0.296631

5.31921 0.296631
5.31982 0.296631
5.31982 0.297241
5.31921 0.297241
5.31921 0.296631

5.31921 0.297241
5.31982 0.297241
5.31982 0.297852
5.31921 0.297852
5.31921 0.297241

5.3186 0.297241
5.31921 0.297241
5.31921 0.297852
5.3186 0.297852
5.3186 0.297241

5.31982 0.297852
5.32043 0.297852
5.32043 0.298462
5.31982 0.298462
5.31982 0.297852

5.32043 0.297852
5.32104 0.297852
5.32104 0.298462
5.32043 0.298462
5.32043 0.297852

5.32043 0.298462
5.32104 0.298462
5.32104 0.299072
5.32043 0.299072
5.32043 0.298462

5.31982 0.298462
5.32043 0.298462
5.32043 0.299072
5.31982 0.299072
5.31982 0.298462

5.31982 0.299072
5.32043 0.299072
5.32043 0.299683
5.31982 0.299683
5.31982 0.299072

5.32043 0.299072
5.32104 0.299072
5.32104 0.299683
5.32043 0.299683
5.32043 0.299072

5.32043 0.299683
5.32104 0.299683
5.32104 0.300293
5.32043 0.300293
5.32043 0.299683

5.31982 0.299683
5.32043 0.299683
5.32043 0.300293
5.31982 0.300293
5.31982 0.299683

5.31982 0.300293
5.32043 0.300293
5.32043 0.300903
5.31982 0.300903
5.31982 0.300293

5.32043 0.300293
5.32104 0.300293
5.32104 0.300903
5.32043 0.300903
5.32043 0.300293

5.32043 0.300903
5.32104 0.300903
5.32104 0.301514
5.32043 0.301514
5.32043 0.300903

5.31982 0.300903
5.32043 0.300903
5.32043 0.301514
5.31982 0.301514
5.31982 0.300903

5.31982 0.301514
5.32043 0.301514
5.32043 0.302124
5.31982 0.302124
5.31982 0.301514

5.32043 0.301514
5.32104 0.301514
5.32104 0.302124
5.32043 0.302124
5.32043 0.301514

5.32043 0.302124
5.32104 0.302124
5.32104 0.302734
5.32043 0.302734
5.32043 0.302124

5.31982 0.302124
5.32043 0.302124
5.32043 0.302734
5.31982 0.302734
5.31982 0.302124

5.3186 0.301514
5.31921 0.301514
5.31921 0.302124
5.3186 0.302124
5.3186 0.301514

5.31921 0.301514
5.31982 0.301514
5.31982 0.302124
5.31921 0.302124
5.31921 0.301514

5.31921 0.302124
5.31982 0.302124
5.31982 0.302734
5.31921 0.302734
5.31921 0.302124

5.3186 0.302124
5.31921 0.302124
5.31921 0.302734
5.3186 0.302734
5.3186 0.302124

5.3186 0.302734
5.31921 0.302734
5.31921 0.303345
5.3186 0.303345
5.3186 0.302734

5.31921 0.302734
5.31982 0.302734
5.31982 0.303345
5.31921 0.303345
5.31921 0.302734

5.31921 0.303345
5.31982 0.303345
5.31982 0.303955
5.31921 0.303955
5.31921 0.303345

5.3186 0.303345
5.31921 0.303345
5.31921 0.303955
5.3186 0.303955
5.3186 0.303345

5.3186 0.303955
5.31921 0.303955
5.31921 0.304565
5.3186 0.304565
5.3186 0.303955

5.31921 0.303955
5.31982 0.303955
5.31982 0.304565
5.31921 0.304565
5.31921 0.303955

5.31921 0.304565
5.31982 0.304565
5.31982 0.305176
5.31921 0.305176
5.31921 0.304565

5.3186 0.304565
5.31921 0.304565
5.31921 0.305176
5.3186 0.305176
5.3186 0.304565

5.3186 0.305176
5.31921 0.305176
5.31921 0.305786
5.3186 0.305786
5.3186 0.305176

5.31921 0.305176
5.31982 0.305176
5.31982 0.305786
5.31921 0.305786
5.31921 0.305176

5.31921 0.305786
5.31982 0.305786
5.31982 0.306396
5.31921 0.306396
5.31921 0.305786

5.3186 0.305786
5.31921 0.305786
5.31921 0.306396
5.3186 0.306396
5.3186 0.305786

5.3186 0.306396
5.31921 0.306396
5.31921 0.307007
5.3186 0.307007
5.3186 0.306396

5.31921 0.306396
5.31982 0.306396
5.31982 0.307007
5.31921 0.307007
5.31921 0.306396

5.31921 0.307007
5.31982 0.307007
5.31982 0.307617
5.31921 0.307617
5.31921 0.307007

5.3186 0.307007
5.31921 0.307007
5.31921 0.307617
5.3186 0.307617
5.3186 0.307007

5.31738 0.306396
5.31799 0.306396
5.31799 0.307007
5.31738 0.307007
5.31738 0.306396

5.31799 0.306396
5.3186 0.306396
5.3186 0.307007
5.31799 0.307007
5.31799 0.306396

5.31799 0.307007
5.3186 0.307007
5.3186 0.307617
5.31799 0.307617
5.31799 0.307007

5.31738 0.307007
5.31799 0.307007
5.31799 0.307617
5.31738 0.307617
5.31738 0.307007

5.31738 0.307617
5.31799 0.307617
5.31799 0.308228
5.31738 0.308228
5.31738 0.307617

5.31799 0.307617
5.3186 0.307617
5.3186 0.308228
5.31799 0.308228
5.31799 0.307617

5.31799 0.308228
5.3186 0.308228
5.3186 0.308838
5.31799 0.308838
5.31799 0.308228

5.31738 0.308228
5.31799 0.308228
5.31799 0.308838
5.31738 0.308838
5.31738 0.308228

5.31738 0.308838
5.31799 0.308838
5.31799 0.309448
5.31738 0.309448
5.31738 0.308838

5.31799 0.308838
5.3186 0.308838
5.3186 0.309448
5.31799 0.309448
5.31799 0.308838

5.31799 0.309448
5.3186 0.309448
5.3186 0.310059
5.31799 0.310059
5.31799 0.309448

5.31738 0.309448
5.31799 0.309448
5.31799 0.310059
5.31738 0.310059
5.31738 0.309448

5.31616 0.308838
5.31677 0.308838
5.31677 0.309448
5.31616 0.309448
5.31616 0.308838

5.31677 0.308838
5.31738 0.308838
5.31738 0.309448
5.31677 0.309448
5.31677 0.308838

5.31677 0.309448
5.31738 0.309448
5.31738 0.310059
5.31677 0.310059
5.31677 0.309448

5.31616 0.309448
5.31677 0.309448
5.31677 0.310059
5.31616 0.310059
5.31616 0.309448

5.31616 0.310059
5.31677 0.310059
5.31677 0.310669
5.31616 0.310669
5.31616 0.310059

5.31677 0.310059
5.31738 0.310059
5.31738 0.310669
5.31677 0.310669
5.31677 0.310059

5.31677 0.310669
5.31738 0.310669
5.31738 0.311279
5.31677 0.311279
5.31677 0.310669

5.31616 0.310669
5.31677 0.310669
5.31677 0.311279
5.31616 0.311279
5.31616 0.310669

5.31616 0.311279
5.31677 0.311279
5.31677 0.31189
5.31616 0.31189
5.31616 0.311279

5.31677 0.311279
5.31738 0.311279
5.31738 0.31189
5.31677 0.31189
5.31677 0.311279

5.31677 0.31189
5.31738 0.31189
5.31738 0.3125
5.31677 0.3125
5.31677 0.31189

5.31616 0.31189
5.31677 0.31189
5.31677 0.3125
5.31616 0.3125
5.31616 0.31189

5.31494 0.311279
5.31555 0.311279
5.31555 0.31189
5.31494 0.31189
5.31494 0.311279

5.31555 0.311279
5.31616 0.311279
5.31616 0.31189
5.31555 0.31189
5.31555 0.311279

5.31555 0.31189
5.31616 0.31189
5.31616 0.3125
5.31555 0.3125
5.31555 0.31189

5.31494 0.31189
5.31555 0.31189
5.31555 0.3125
5.31494 0.3125
5.31494 0.31189

5.31372 0.3125
5.31433 0.3125
5.31433 0.31311
5.31372 0.31311
5.31372 0.3125

5.31433 0.3125
5.31494 0.3125
5.31494 0.31311
5.31433 0.31311
5.31433 0.3125

5.31433 0.31311
5.31494 0.31311
5.31494 0.313721
5.31433 0.313721
5.31433 0.31311

5.31372 0.31311
5.31433 0.31311
5.31433 0.313721
5.31372 0.313721
5.31372 0.31311

5.31372 0.313721
5.31433 0.313721
5.31433 0.314331
5.31372 0.314331
5.31372 0.313721

5.31433 0.313721
5.31494 0.313721
5.31494 0.314331
5.31433 0.314331
5.31433 0.313721

5.31433 0.314331
5.31494 0.314331
5.31494 0.314941
5.31433 0.314941
5.31433 0.314331

5.31372 0.314331
5.31433 0.314331
5.31433 0.314941
5.31372 0.314941
5.31372 0.314331

5.3125 0.313721
5.31311 0.313721
5.31311 0.314331
5.3125 0.314331
5.3125 0.313721

5.31311 0.313721
5.31372 0.313721
5.31372 0.314331
5.31311 0.314331
5.31311 0.313721

5.31311 0.314331
5.31372 0.314331
5.31372 0.314941
5.31311 0.314941
5.31311 0.314331

5.3125 0.314331
5.31311 0.314331
5.31311 0.314941
5.3125 0.314941
5.3125 0.314331

5.31494 0.3125
5.31555 0.3125
5.31555 0.31311
5.31494 0.31311
5.31494 0.3125

5.31555 0.3125
5.31616 0.3125
5.31616 0.31311
5.31555 0.31311
5.31555 0.3125

5.31555 0.31311
5.31616 0.31311
5.31616 0.313721
5.31555 0.313721
5.31555 0.31311

5.31494 0.31311
5.31555 0.31311
5.31555 0.313721
5.31494 0.313721
5.31494 0.31311

5.3125 0.314941
5.31311 0.314941
5.31311 0.315552
5.3125 0.315552
5.3125 0.314941

5.31311 0.314941
5.31372 0.314941
5.31372 0.315552
5.31311 0.315552
5.31311 0.314941

5.31311 0.315552
5.31372 0.315552
5.31372 0.316162
5.31311 0.316162
5.31311 0.315552

5.3125 0.315552
5.31311 0.315552
5.31311 0.316162
5.3125 0.316162
5.3125 0.315552

5.2832 0.3125
5.28381 0.3125
5.28381 0.31311
5.2832 0.31311
5.2832 0.3125

5.28381 0.3125
5.28442 0.3125
5.28442 0.31311
5.28381 0.31311
5.28381 0.3125

5.28381 0.31311
5.28442 0.31311
5.28442 0.313721
5.28381 0.313721
5.28381 0.31311

5.2832 0.31311
5.28381 0.31311
5.28381 0.313721
5.2832 0.313721
5.2832 0.31311

5.28442 0.3125
5.28503 0.3125
5.28503 0.31311
5.28442 0.31311
5.28442 0.3125

5.28503 0.3125
5.28564 0.3125
5.28564 0.31311
5.28503 0.31311
5.28503 0.3125

5.28503 0.31311
5.28564 0.31311
5.28564 0.313721
5.28503 0.313721
5.28503 0.31311

5.28442 0.31311
5.28503 0.31311
5.28503 0.313721
5.28442 0.313721
5.28442 0.31311

5.28442 0.313721
5.28503 0.313721
5.28503 0.314331
5.28442 0.314331
5.28442 0.313721

5.28503 0.313721
5.28564 0.313721
5.28564 0.314331
5.28503 0.314331
5.28503 0.313721

5.28503 0.314331
5.28564 0.314331
5.28564 0.314941
5.28503 0.314941
5.28503 0.314331

5.28442 0.314331
5.28503 0.314331
5.28503 0.314941
5.28442 0.314941
5.28442 0.314331

5.28564 0.313721
5.28625 0.313721
5.28625 0.314331
5.28564 0.314331
5.28564 0.313721

5.28625 0.313721
5.28687 0.313721
5.28687 0.314331
5.28625 0.314331
5.28625 0.313721

5.28625 0.314331
5.28687 0.314331
5.28687 0.314941
5.28625 0.314941
5.28625 0.314331

5.28564 0.314331
5.28625 0.314331
5.28625 0.314941
5.28564 0.314941
5.28564 0.314331

5.28564 0.314941
5.28625 0.314941
5.28625 0.315552
5.28564 0.315552
5.28564 0.314941

5.28625 0.314941
5.28687 0.314941
5.28687 0.315552
5.28625 0.315552
5.28625 0.314941

5.28625 0.315552
5.28687 0.315552
5.28687 0.316162
5.28625 0.316162
5.28625 0.315552

5.28564 0.315552
5.28625 0.315552
5.28625 0.316162
5.28564 0.316162
5.28564 0.315552

5.28687 0.314941
5.28748 0.314941
5.28748 0.315552
5.28687 0.315552
5.28687 0.314941

5.28748 0.314941
5.28809 0.314941
5.28809 0.315552
5.28748 0.315552
5.28748 0.314941

5.28748 0.315552
5.28809 0.315552
5.28809 0.316162
5.28748 0.316162
5.28748 0.315552

5.28687 0.315552
5.28748 0.315552
5.28748 0.316162
5.28687 0.316162
5.28687 0.315552

5.28809 0.314941
5.2887 0.314941
5.2887 0.315552
5.28809 0.315552
5.28809 0.314941

5.2887 0.314941
5.28931 0.314941
5.28931 0.315552
5.2887 0.315552
5.2887 0.314941

5.2887 0.315552
5.28931 0.315552
5.28931 0.316162
5.2887 0.316162
5.2887 0.315552

5.28809 0.315552
5.2887 0.315552
5.2887 0.316162
5.28809 0.316162
5.28809 0.315552

5.28931 0.316162
5.28992 0.316162
5.28992 0.316772
5.28931 0.316772
5.28931 0.316162

5.28992 0.316162
5.29053 0.316162
5.29053 0.316772
5.28992 0.316772
5.28992 0.316162

5.28992 0.316772
5.29053 0.316772
5.29053 0.317383
5.28992 0.317383
5.28992 0.316772

5.28931 0.316772
5.28992 0.316772
5.28992 0.317383
5.28931 0.317383
5.28931 0.316772

5.28809 0.316162
5.2887 0.316162
5.2887 0.316772
5.28809 0.316772
5.28809 0.316162

5.2887 0.316162
5.28931 0.316162
5.28931 0.316772
5.2887 0.316772
5.2887 0.316162

5.2887 0.316772
5.28931 0.316772
5.28931 0.317383
5.2887 0.317383
5.2887 0.316772

5.28809 0.316772
5.2887 0.316772
5.2887 0.317383
5.28809 0.317383
5.28809 0.316772

5.28931 0.317383
5.28992 0.317383
5.28992 0.317993
5.28931 0.317993
5.28931 0.317383

5.28992 0.317383
5.29053 0.317383
5.29053 0.317993
5.28992 0.317993
5.28992 0.317383

5.28992 0.317993
5.29053 0.317993
5.29053 0.318604
5.28992 0.318604
5.28992 0.317993

5.28931 0.317993
5.28992 0.317993
5.28992 0.318604
5.28931 0.318604
5.28931 0.317993

5.29053 0.317383
5.29114 0.317383
5.29114 0.317993
5.29053 0.317993
5.29053 0.317383

5.29114 0.317383
5.29175 0.317383
5.29175 0.317993
5.29114 0.317993
5.29114 0.317383

5.29114 0.317993
5.29175 0.317993
5.29175 0.318604
5.29114 0.318604
5.29114 0.317993

5.29053 0.317993
5.29114 0.317993
5.29114 0.318604
5.29053 0.318604
5.29053 0.317993

5.29175 0.317383
5.29236 0.317383
5.29236 0.317993
5.29175 0.317993
5.29175 0.317383

5.29236 0.317383
5.29297 0.317383
5.29297 0.317993
5.29236 0.317993
5.29236 0.317383

5.29236 0.317993
5.29297 0.317993
5.29297 0.318604
5.29236 0.318604
5.29236 0.317993

5.29175 0.317993
5.29236 0.317993
5.29236 0.318604
5.29175 0.318604
5.29175 0.317993

5.29175 0.318604
5.29236 0.318604
5.29236 0.319214
5.29175 0.319214
5.29175 0.318604

5.29236 0.318604
5.29297 0.318604
5.29297 0.319214
5.29236 0.319214
5.29236 0.318604

5.29236 0.319214
5.29297 0.319214
5.29297 0.319824
5.29236 0.319824
5.29236 0.319214

5.29175 0.319214
5.29236 0.319214
5.29236 0.319824
5.29175 0.319824
5.29175 0.319214

5.30151 0.318604
5.30212 0.318604
5.30212 0.319214
5.30151 0.319214
5.30151 0.318604

5.30212 0.318604
5.30273 0.318604
5.30273 0.319214
5.30212 0.319214
5.30212 0.318604

5.30212 0.319214
5.30273 0.319214
5.30273 0.319824
5.30212 0.319824
5.30212 0.319214

5.30151 0.319214
5.30212 0.319214
5.30212 0.319824
5.30151 0.319824
5.30151 0.319214

5.30029 0.319824
5.3009 0.319824
5.3009 0.320435
5.30029 0.320435
5.30029 0.319824

5.3009 0.319824
5.30151 0.319824
5.30151 0.320435
5.3009 0.320435
5.3009 0.319824

5.3009 0.320435
5.30151 0.320435
5.30151 0.321045
5.3009 0.321045
5.3009 0.320435

5.30029 0.320435
5.3009 0.320435
5.3009 0.321045
5.30029 0.321045
5.30029 0.320435

5.30151 0.319824
5.30212 0.319824
5.30212 0.320435
5.30151 0.320435
5.30151 0.319824

5.30212 0.319824
5.30273 0.319824
5.30273 0.320435
5.30212 0.320435
5.30212 0.319824

5.30212 0.320435
5.30273 0.320435
5.30273 0.321045
5.30212 0.321045
5.30212 0.320435

5.30151 0.320435
5.30212 0.320435
5.30212 0.321045
5.30151 0.321045
5.30151 0.320435

5.29785 0.319824
5.29846 0.319824
5.29846 0.320435
5.29785 0.320435
5.29785 0.319824

5.29846 0.319824
5.29907 0.319824
5.29907 0.320435
5.29846 0.320435
5.29846 0.319824

5.29846 0.320435
5.29907 0.320435
5.29907 0.321045
5.29846 0.321045
5.29846 0.320435

5.29785 0.320435
5.29846 0.320435
5.29846 0.321045
5.29785 0.321045
5.29785 0.320435

5.29907 0.319824
5.29968 0.319824
5.29968 0.320435
5.29907 0.320435
5.29907 0.319824

5.29968 0.319824
5.30029 0.319824
5.30029 0.320435
5.29968 0.320435
5.29968 0.319824

5.29968 0.320435
5.30029 0.320435
5.30029 0.321045
5.29968 0.321045
5.29968 0.320435

5.29907 0.320435
5.29968 0.320435
5.29968 0.321045
5.29907 0.321045
5.29907 0.320435

5.29419 0.318604
5.2948 0.318604
5.2948 0.319214
5.29419 0.319214
5.29419 0.318604

5.2948 0.318604
5.29541 0.318604
5.29541 0.319214
5.2948 0.319214
5.2948 0.318604

5.2948 0.319214
5.29541 0.319214
5.29541 0.319824
5.2948 0.319824
5.2948 0.319214

5.29419 0.319214
5.2948 0.319214
5.2948 0.319824
5.29419 0.319824
5.29419 0.319214

5.29297 0.318604
5.29358 0.318604
5.29358 0.319214
5.29297 0.319214
5.29297 0.318604

5.29358 0.318604
5.29419 0.318604
5.29419 0.319214
5.29358 0.319214
5.29358 0.318604

5.29358 0.319214
5.29419 0.319214
5.29419 0.319824
5.29358 0.319824
5.29358 0.319214

5.29297 0.319214
5.29358 0.319214
5.29358 0.319824
5.29297 0.319824
5.29297 0.319214

5.29663 0.318604
5.29724 0.318604
5.29724 0.319214
5.29663 0.319214
5.29663 0.318604

5.29724 0.318604
5.29785 0.318604
5.29785 0.319214
5.29724 0.319214
5.29724 0.318604

5.29724 0.319214
5.29785 0.319214
5.29785 0.319824
5.29724 0.319824
5.29724 0.319214

5.29663 0.319214
5.29724 0.319214
5.29724 0.319824
5.29663 0.319824
5.29663 0.319214

5.29541 0.318604
5.29602 0.318604
5.29602 0.319214
5.29541 0.319214
5.29541 0.318604

5.29602 0.318604
5.29663 0.318604
5.29663 0.319214
5.29602 0.319214
5.29602 0.318604

5.29602 0.319214
5.29663 0.319214
5.29663 0.319824
5.29602 0.319824
5.29602 0.319214

5.29541 0.319214
5.29602 0.319214
5.29602 0.319824
5.29541 0.319824
5.29541 0.319214

5.29663 0.319824
5.29724 0.319824
5.29724 0.320435
5.29663 0.320435
5.29663 0.319824

5.29724 0.319824
5.29785 0.319824
5.29785 0.320435
5.29724 0.320435
5.29724 0.319824

5.29724 0.320435
5.29785 0.320435
5.29785 0.321045
5.29724 0.321045
5.29724 0.320435

5.29663 0.320435
5.29724 0.320435
5.29724 0.321045
5.29663 0.321045
5.29663 0.320435

5.31128 0.314941
5.31189 0.314941
5.31189 0.315552
5.31128 0.315552
5.31128 0.314941

5.31189 0.314941
5.3125 0.314941
5.3125 0.315552
5.31189 0.315552
5.31189 0.314941

5.31189 0.315552
5.3125 0.315552
5.3125 0.316162
5.31189 0.316162
5.31189 0.315552

5.31128 0.315552
5.31189 0.315552
5.31189 0.316162
5.31128 0.316162
5.31128 0.315552

5.31128 0.316162
5.31189 0.316162
5.31189 0.316772
5.31128 0.316772
5.31128 0.316162

5.31189 0.316162
5.3125 0.316162
5.3125 0.316772
5.31189 0.316772
5.31189 0.316162

5.31189 0.316772
5.3125 0.316772
5.3125 0.317383
5.31189 0.317383
5.31189 0.316772

5.31128 0.316772
5.31189 0.316772
5.31189 0.317383
5.31128 0.317383
5.31128 0.316772

5.31006 0.316162
5.31067 0.316162
5.31067 0.316772
5.31006 0.316772
5.31006 0.316162

5.31067 0.316162
5.31128 0.316162
5.31128 0.316772
5.31067 0.316772
5.31067 0.316162

5.31067 0.316772
5.31128 0.316772
5.31128 0.317383
5.31067 0.317383
5.31067 0.316772

5.31006 0.316772
5.31067 0.316772
5.31067 0.317383
5.31006 0.317383
5.31006 0.316772

5.30884 0.316162
5.30945 0.316162
5.30945 0.316772
5.30884 0.316772
5.30884 0.316162

5.30945 0.316162
5.31006 0.316162
5.31006 0.316772
5.30945 0.316772
5.30945 0.316162

5.30945 0.316772
5.31006 0.316772
5.31006 0.317383
5.30945 0.317383
5.30945 0.316772

5.30884 0.316772
5.30945 0.316772
5.30945 0.317383
5.30884 0.317383
5.30884 0.316772

5.30762 0.317383
5.30823 0.317383
5.30823 0.317993
5.30762 0.317993
5.30762 0.317383

5.30823 0.317383
5.30884 0.317383
5.30884 0.317993
5.30823 0.317993
5.30823 0.317383

5.30823 0.317993
5.30884 0.317993
5.30884 0.318604
5.30823 0.318604
5.30823 0.317993

5.30762 0.317993
5.30823 0.317993
5.30823 0.318604
5.30762 0.318604
5.30762 0.317993

5.30884 0.317383
5.30945 0.317383
5.30945 0.317993
5.30884 0.317993
5.30884 0.317383

5.30945 0.317383
5.31006 0.317383
5.31006 0.317993
5.30945 0.317993
5.30945 0.317383

5.30945 0.317993
5.31006 0.317993
5.31006 0.318604
5.30945 0.318604
5.30945 0.317993

5.30884 0.317993
5.30945 0.317993
5.30945 0.318604
5.30884 0.318604
5.30884 0.317993

5.30396 0.318604
5.30457 0.318604
5.30457 0.319214
5.30396 0.319214
5.30396 0.318604

5.30457 0.318604
5.30518 0.318604
5.30518 0.319214
5.30457 0.319214
5.30457 0.318604

5.30457 0.319214
5.30518 0.319214
5.30518 0.319824
5.30457 0.319824
5.30457 0.319214

5.30396 0.319214
5.30457 0.319214
5.30457 0.319824
5.30396 0.319824
5.30396 0.319214

5.30273 0.318604
5.30334 0.318604
5.30334 0.319214
5.30273 0.319214
5.30273 0.318604

5.30334 0.318604
5.30396 0.318604
5.30396 0.319214
5.30334 0.319214
5.30334 0.318604

5.30334 0.319214
5.30396 0.319214
5.30396 0.319824
5.30334 0.319824
5.30334 0.319214

5.30273 0.319214
5.30334 0.319214
5.30334 0.319824
5.30273 0.319824
5.30273 0.319214

5.3064 0.317383
5.30701 0.317383
5.30701 0.317993
5.3064 0.317993
5.3064 0.317383

5.30701 0.317383
5.30762 0.317383
5.30762 0.317993
5.30701 0.317993
5.30701 0.317383

5.30701 0.317993
5.30762 0.317993
5.30762 0.318604
5.30701 0.318604
5.30701 0.317993

5.3064 0.317993
5.30701 0.317993
5.30701 0.318604
5.3064 0.318604
5.3064 0.317993

5.3064 0.318604
5.30701 0.318604
5.30701 0.319214
5.3064 0.319214
5.3064 0.318604

5.30701 0.318604
5.30762 0.318604
5.30762 0.319214
5.30701 0.319214
5.30701 0.318604

5.30701 0.319214
5.30762 0.319214
5.30762 0.319824
5.30701 0.319824
5.30701 0.319214

5.3064 0.319214
5.30701 0.319214
5.30701 0.319824
5.3064 0.319824
5.3064 0.319214

5.30518 0.318604
5.30579 0.318604
5.30579 0.319214
5.30518 0.319214
5.30518 0.318604

5.30579 0.318604
5.3064 0.318604
5.3064 0.319214
5.30579 0.319214
5.30579 0.318604

5.30579 0.319214
5.3064 0.319214
5.3064 0.319824
5.30579 0.319824
5.30579 0.319214

5.30518 0.319214
5.30579 0.319214
5.30579 0.319824
5.30518 0.319824
5.30518 0.319214

